time, x, y, heading, velocity
0, 0.05, 0, 0.00535898, 5
0.01, 0.0999993, 0.000267948, 0.010718, 5
0.02, 0.149996, 0.000803836, 0.016077, 5
0.03, 0.19999, 0.00160765, 0.0214359, 5
0.04, 0.249978, 0.00267936, 0.0267949, 5
0.05, 0.299961, 0.00401895, 0.0321539, 5
0.06, 0.349935, 0.00562637, 0.0375129, 5
0.07, 0.399899, 0.00750157, 0.0428719, 5
0.08, 0.449854, 0.00964451, 0.0482309, 5
0.09, 0.499795, 0.0120551, 0.0535898, 5
0.1, 0.549724, 0.0147333, 0.0589488, 5
0.11, 0.599637, 0.0176791, 0.0643078, 5
0.12, 0.649533, 0.0208922, 0.0696668, 5
0.13, 0.699412, 0.0243728, 0.0750258, 5
0.14, 0.749271, 0.0281205, 0.0803848, 5
0.15, 0.79911, 0.0321354, 0.0857437, 5
0.16, 0.848926, 0.0364174, 0.0911027, 5
0.17, 0.898719, 0.0409662, 0.0964617, 5
0.18, 0.948487, 0.0457818, 0.101821, 5
0.19, 0.998228, 0.0508641, 0.10718, 5
0.2, 1.04794, 0.0562128, 0.112539, 5
0.21, 1.09762, 0.0618279, 0.117898, 5
0.22, 1.14728, 0.0677091, 0.123257, 5
0.23, 1.1969, 0.0738563, 0.128616, 5
0.24, 1.24648, 0.0802694, 0.133975, 5
0.25, 1.29604, 0.0869481, 0.139334, 5
0.26, 1.34555, 0.0938923, 0.144693, 5
0.27, 1.39503, 0.101102, 0.150052, 5
0.28, 1.44447, 0.108576, 0.155411, 5
0.29, 1.49387, 0.116315, 0.16077, 5
0.3, 1.54322, 0.124319, 0.166128, 5
0.31, 1.59253, 0.132588, 0.171487, 5
0.32, 1.6418, 0.14112, 0.176846, 5
0.33, 1.69102, 0.149916, 0.182205, 5
0.34, 1.74019, 0.158976, 0.187564, 5
0.35, 1.78931, 0.1683, 0.192923, 5
0.36, 1.83839, 0.177886, 0.198282, 5
0.37, 1.88741, 0.187735, 0.203641, 5
0.38, 1.93637, 0.197847, 0.209, 5
0.39, 1.98529, 0.208221, 0.214359, 5
0.4, 2.03414, 0.218857, 0.219718, 5
0.41, 2.08294, 0.229755, 0.225077, 5
0.42, 2.13168, 0.240914, 0.230436, 5
0.43, 2.18036, 0.252334, 0.235795, 5
0.44, 2.22897, 0.264015, 0.241154, 5
0.45, 2.27753, 0.275956, 0.246513, 5
0.46, 2.32601, 0.288157, 0.251872, 5
0.47, 2.37444, 0.300618, 0.257231, 5
0.48, 2.42279, 0.313339, 0.26259, 5
0.49, 2.47108, 0.326318, 0.267949, 5
0.5, 2.51929, 0.339555, 0.273308, 5
0.51, 2.56744, 0.353051, 0.278667, 5
0.52, 2.61551, 0.366805, 0.284026, 5
0.53, 2.66351, 0.380816, 0.289385, 5
0.54, 2.71143, 0.395084, 0.294744, 5
0.55, 2.75927, 0.409609, 0.300103, 5
0.56, 2.80704, 0.42439, 0.305462, 5
0.57, 2.85472, 0.439427, 0.310821, 5
0.58, 2.90233, 0.454719, 0.31618, 5
0.59, 2.94985, 0.470266, 0.321539, 5
0.6, 2.99728, 0.486067, 0.326898, 5
0.61, 3.04464, 0.502122, 0.332257, 5
0.62, 3.0919, 0.518431, 0.337616, 5
0.63, 3.13908, 0.534993, 0.342975, 5
0.64, 3.18617, 0.551808, 0.348334, 5
0.65, 3.23316, 0.568874, 0.353693, 5
0.66, 3.28007, 0.586192, 0.359052, 5
0.67, 3.32688, 0.603762, 0.364411, 5
0.68, 3.3736, 0.621582, 0.36977, 5
0.69, 3.42022, 0.639652, 0.375129, 5
0.7, 3.46674, 0.657971, 0.380488, 5
0.71, 3.51317, 0.67654, 0.385847, 5
0.72, 3.55949, 0.695357, 0.391206, 5
0.73, 3.60571, 0.714422, 0.396565, 5
0.74, 3.65183, 0.733735, 0.401924, 5
0.75, 3.69785, 0.753295, 0.407283, 5
0.76, 3.74376, 0.7731, 0.412642, 5
0.77, 3.78956, 0.793152, 0.418001, 5
0.78, 3.83526, 0.813449, 0.42336, 5
0.79, 3.88084, 0.83399, 0.428719, 5
0.8, 3.92632, 0.854775, 0.434078, 5
0.81, 3.97168, 0.875804, 0.439437, 5
0.82, 4.01693, 0.897075, 0.444796, 5
0.83, 4.06206, 0.918589, 0.450155, 5
0.84, 4.10708, 0.940344, 0.455514, 5
0.85, 4.15198, 0.96234, 0.460873, 5
0.86, 4.19677, 0.984577, 0.466232, 5
0.87, 4.24143, 1.00705, 0.471591, 5
0.88, 4.28597, 1.02977, 0.47695, 5
0.89, 4.33039, 1.05272, 0.482309, 5
0.9, 4.37469, 1.07591, 0.487668, 5
0.91, 4.41886, 1.09934, 0.493027, 5
0.92, 4.46291, 1.12301, 0.498385, 5
0.93, 4.50682, 1.14691, 0.503744, 5
0.94, 4.55061, 1.17104, 0.509103, 5
0.95, 4.59427, 1.19541, 0.514462, 5
0.96, 4.6378, 1.22002, 0.519821, 5
0.97, 4.6812, 1.24485, 0.52518, 5
0.98, 4.72446, 1.26992, 0.530539, 5
0.99, 4.76758, 1.29522, 0.535898, 5
1, 4.81057, 1.32075, 0.541257, 5
1.01, 4.85343, 1.34651, 0.546616, 5
1.02, 4.89614, 1.3725, 0.551975, 5
1.03, 4.93872, 1.39872, 0.557334, 5
1.04, 4.98115, 1.42517, 0.562693, 5
1.05, 5.02344, 1.45184, 0.568052, 5
1.06, 5.06559, 1.47874, 0.573411, 5
1.07, 5.10759, 1.50586, 0.57877, 5
1.08, 5.14945, 1.53321, 0.584129, 5
1.09, 5.19116, 1.56079, 0.589488, 5
1.1, 5.23272, 1.58858, 0.594847, 5
1.11, 5.27413, 1.6166, 0.600206, 5
1.12, 5.31539, 1.64484, 0.605565, 5
1.13, 5.3565, 1.67331, 0.610924, 5
1.14, 5.39746, 1.70199, 0.616283, 5
1.15, 5.43826, 1.73089, 0.621642, 5
1.16, 5.4789, 1.76001, 0.627001, 5
1.17, 5.51939, 1.78934, 0.63236, 5
1.18, 5.55973, 1.81889, 0.637719, 5
1.19, 5.5999, 1.84866, 0.643078, 5
1.2, 5.63991, 1.87864, 0.648437, 5
1.21, 5.67976, 1.90884, 0.653796, 5
1.22, 5.71945, 1.93925, 0.659155, 5
1.23, 5.75898, 1.96987, 0.664514, 5
1.24, 5.79834, 2.00071, 0.669873, 5
1.25, 5.83753, 2.03175, 0.675232, 5
1.26, 5.87656, 2.06301, 0.680591, 5
1.27, 5.91542, 2.09447, 0.68595, 5
1.28, 5.95411, 2.12614, 0.691309, 5
1.29, 5.99263, 2.15802, 0.696668, 5
1.3, 6.03098, 2.1901, 0.702027, 5
1.31, 6.06916, 2.22239, 0.707386, 5
1.32, 6.10716, 2.25488, 0.712745, 5
1.33, 6.14499, 2.28758, 0.718104, 5
1.34, 6.18264, 2.32047, 0.723463, 5
1.35, 6.22012, 2.35357, 0.728822, 5
1.36, 6.25742, 2.38687, 0.734181, 5
1.37, 6.29454, 2.42037, 0.73954, 5
1.38, 6.33147, 2.45407, 0.744899, 5
1.39, 6.36823, 2.48796, 0.750258, 5
1.4, 6.40481, 2.52206, 0.755617, 5
1.41, 6.4412, 2.55634, 0.760976, 5
1.42, 6.47741, 2.59082, 0.766335, 5
1.43, 6.51343, 2.6255, 0.771694, 5
1.44, 6.54927, 2.66037, 0.777053, 5
1.45, 6.58492, 2.69543, 0.782412, 5
1.46, 6.62038, 2.73068, 0.787771, 5
1.47, 6.65565, 2.76611, 0.79313, 5
1.48, 6.69073, 2.80174, 0.798489, 5
1.49, 6.72562, 2.83756, 0.803848, 5
1.5, 6.76032, 2.87356, 0.809207, 5
1.51, 6.79482, 2.90975, 0.814566, 5
1.52, 6.82913, 2.94612, 0.819925, 5
1.53, 6.86324, 2.98267, 0.825284, 5
1.54, 6.89716, 3.01941, 0.830642, 5
1.55, 6.93088, 3.05633, 0.836001, 5
1.56, 6.9644, 3.09343, 0.84136, 5
1.57, 6.99773, 3.1307, 0.846719, 5
1.58, 7.03085, 3.16816, 0.852078, 5
1.59, 7.06377, 3.20579, 0.857437, 5
1.6, 7.09649, 3.2436, 0.862796, 5
1.61, 7.129, 3.28158, 0.868155, 5
1.62, 7.16131, 3.31974, 0.873514, 5
1.63, 7.19342, 3.35807, 0.878873, 5
1.64, 7.22532, 3.39657, 0.884232, 5
1.65, 7.25702, 3.43524, 0.889591, 5
1.66, 7.2885, 3.47408, 0.89495, 5
1.67, 7.31978, 3.51309, 0.900309, 5
1.68, 7.35085, 3.55227, 0.905668, 5
1.69, 7.38171, 3.59161, 0.911027, 5
1.7, 7.41235, 3.63112, 0.916386, 5
1.71, 7.44279, 3.67079, 0.921745, 5
1.72, 7.47301, 3.71062, 0.927104, 5
1.73, 7.50302, 3.75061, 0.932463, 5
1.74, 7.53281, 3.79077, 0.937822, 5
1.75, 7.56239, 3.83108, 0.943181, 5
1.76, 7.59175, 3.87155, 0.94854, 5
1.77, 7.62089, 3.91218, 0.953899, 5
1.78, 7.64982, 3.95297, 0.959258, 5
1.79, 7.67852, 3.9939, 0.964617, 5
1.8, 7.70701, 4.03499, 0.969976, 5
1.81, 7.73528, 4.07624, 0.975335, 5
1.82, 7.76332, 4.11763, 0.980694, 5
1.83, 7.79114, 4.15918, 0.986053, 5
1.84, 7.81874, 4.20087, 0.991412, 5
1.85, 7.84612, 4.24271, 0.996771, 5
1.86, 7.87327, 4.2847, 1.00213, 5
1.87, 7.90019, 4.32683, 1.00749, 5
1.88, 7.92689, 4.3691, 1.01285, 5
1.89, 7.95337, 4.41152, 1.01821, 5
1.9, 7.97961, 4.45408, 1.02357, 5
1.91, 8.00563, 4.49678, 1.02892, 5
1.92, 8.03141, 4.53961, 1.03428, 5
1.93, 8.05697, 4.58259, 1.03964, 5
1.94, 8.0823, 4.6257, 1.045, 5
1.95, 8.10739, 4.66895, 1.05036, 5
1.96, 8.13226, 4.71233, 1.05572, 5
1.97, 8.15689, 4.75584, 1.06108, 5
1.98, 8.18128, 4.79948, 1.06644, 5
1.99, 8.20544, 4.84326, 1.0718, 5
2, 8.22937, 4.88716, 1.07716, 5
2.01, 8.25306, 4.93119, 1.08251, 5
2.02, 8.27652, 4.97535, 1.08787, 5
2.03, 8.29974, 5.01963, 1.09323, 5
2.04, 8.32272, 5.06404, 1.09859, 5
2.05, 8.34546, 5.10856, 1.10395, 5
2.06, 8.36796, 5.15321, 1.10931, 5
2.07, 8.39023, 5.19798, 1.11467, 5
2.08, 8.41225, 5.24287, 1.12003, 5
2.09, 8.43404, 5.28788, 1.12539, 5
2.1, 8.45558, 5.333, 1.13075, 5
2.11, 8.47688, 5.37823, 1.1361, 5
2.12, 8.49793, 5.42358, 1.14146, 5
2.13, 8.51875, 5.46905, 1.14682, 5
2.14, 8.53931, 5.51462, 1.15218, 5
2.15, 8.55964, 5.5603, 1.15754, 5
2.16, 8.57972, 5.60609, 1.1629, 5
2.17, 8.59955, 5.65199, 1.16826, 5
2.18, 8.61914, 5.698, 1.17362, 5
2.19, 8.63848, 5.7441, 1.17898, 5
2.2, 8.65758, 5.79031, 1.18434, 5
2.21, 8.67642, 5.83663, 1.18969, 5
2.22, 8.69502, 5.88304, 1.19505, 5
2.23, 8.71337, 5.92955, 1.20041, 5
2.24, 8.73147, 5.97616, 1.20577, 5
2.25, 8.74931, 6.02287, 1.21113, 5
2.26, 8.76691, 6.06967, 1.21649, 5
2.27, 8.78426, 6.11656, 1.22185, 5
2.28, 8.80135, 6.16355, 1.22721, 5
2.29, 8.8182, 6.21063, 1.23257, 5
2.3, 8.83479, 6.25779, 1.23793, 5
2.31, 8.85113, 6.30505, 1.24328, 5
2.32, 8.86721, 6.35239, 1.24864, 5
2.33, 8.88304, 6.39982, 1.254, 5
2.34, 8.89862, 6.44733, 1.25936, 5
2.35, 8.91394, 6.49492, 1.26472, 5
2.36, 8.929, 6.5426, 1.27008, 5
2.37, 8.94381, 6.59036, 1.27544, 5
2.38, 8.95837, 6.63819, 1.2808, 5
2.39, 8.97267, 6.6861, 1.28616, 5
2.4, 8.98671, 6.73409, 1.29152, 5
2.41, 9.00049, 6.78215, 1.29687, 5
2.42, 9.01402, 6.83029, 1.30223, 5
2.43, 9.02728, 6.8785, 1.30759, 5
2.44, 9.04029, 6.92678, 1.31295, 5
2.45, 9.05304, 6.97512, 1.31831, 5
2.46, 9.06553, 7.02354, 1.32367, 5
2.47, 9.07776, 7.07202, 1.32903, 5
2.48, 9.08973, 7.12056, 1.33439, 5
2.49, 9.10145, 7.16917, 1.33975, 5
2.5, 9.1129, 7.21785, 1.3451, 5
2.51, 9.12408, 7.26658, 1.35046, 5
2.52, 9.13501, 7.31537, 1.35582, 5
2.53, 9.14568, 7.36422, 1.36118, 5
2.54, 9.15608, 7.41312, 1.36654, 5
2.55, 9.16622, 7.46208, 1.3719, 5
2.56, 9.1761, 7.5111, 1.37726, 5
2.57, 9.18572, 7.56016, 1.38262, 5
2.58, 9.19507, 7.60928, 1.38798, 5
2.59, 9.20416, 7.65845, 1.39334, 5
2.6, 9.21299, 7.70766, 1.39869, 5
2.61, 9.22155, 7.75692, 1.40405, 5
2.62, 9.22985, 7.80623, 1.40941, 5
2.63, 9.23789, 7.85558, 1.41477, 5
2.64, 9.24566, 7.90497, 1.42013, 5
2.65, 9.25316, 7.95441, 1.42549, 5
2.66, 9.2604, 8.00388, 1.43085, 5
2.67, 9.26737, 8.05339, 1.43621, 5
2.68, 9.27408, 8.10294, 1.44157, 5
2.69, 9.28053, 8.15252, 1.44693, 5
2.7, 9.2867, 8.20214, 1.45228, 5
2.71, 9.29262, 8.25179, 1.45764, 5
2.72, 9.29826, 8.30147, 1.463, 5
2.73, 9.30364, 8.35118, 1.46836, 5
2.74, 9.30875, 8.40092, 1.47372, 5
2.75, 9.3136, 8.45068, 1.47908, 5
2.76, 9.31818, 8.50047, 1.48444, 5
2.77, 9.32249, 8.55029, 1.4898, 5
2.78, 9.32654, 8.60012, 1.49516, 5
2.79, 9.33032, 8.64998, 1.50052, 5
2.8, 9.33383, 8.69985, 1.50587, 5
2.81, 9.33707, 8.74975, 1.51123, 5
2.82, 9.34005, 8.79966, 1.51659, 5
2.83, 9.34276, 8.84959, 1.52195, 5
2.84, 9.3452, 8.89953, 1.52731, 5
2.85, 9.34737, 8.94948, 1.53267, 5
2.86, 9.34928, 8.99944, 1.53803, 5
2.87, 9.35092, 9.04942, 1.54339, 5
2.88, 9.35229, 9.0994, 1.54875, 5
2.89, 9.35339, 9.14939, 1.55411, 5
2.9, 9.35422, 9.19938, 1.55946, 5
2.91, 9.35479, 9.24938, 1.56482, 5
2.92, 9.35509, 9.29938, 1.57018, 5
2.93, 9.35512, 9.34938, 1.57554, 5
2.94, 9.35488, 9.39937, 1.5809, 5
2.95, 9.35438, 9.44937, 1.58626, 5
2.96, 9.3536, 9.49937, 1.59162, 5
2.97, 9.35256, 9.54936, 1.59698, 5
2.98, 9.35125, 9.59934, 1.60234, 5
2.99, 9.34968, 9.64931, 1.6077, 5
3, 9.34783, 9.69928, 1.61305, 5
3.01, 9.34572, 9.74923, 1.61841, 5
3.02, 9.34334, 9.79918, 1.62377, 5
3.03, 9.34069, 9.84911, 1.62913, 5
3.04, 9.33778, 9.89902, 1.63449, 5
3.05, 9.33459, 9.94892, 1.63985, 5
3.06, 9.33114, 9.9988, 1.64521, 5
3.07, 9.32743, 10.0487, 1.65057, 5
3.08, 9.32344, 10.0985, 1.65593, 5
3.09, 9.31919, 10.1483, 1.66128, 5
3.1, 9.31467, 10.1981, 1.66664, 5
3.11, 9.30989, 10.2479, 1.672, 5
3.12, 9.30484, 10.2976, 1.67736, 5
3.13, 9.29952, 10.3474, 1.68272, 5
3.14, 9.29393, 10.397, 1.68808, 5
3.15, 9.28808, 10.4467, 1.69344, 5
3.16, 9.28197, 10.4963, 1.6988, 5
3.17, 9.27558, 10.5459, 1.70416, 5
3.18, 9.26894, 10.5955, 1.70952, 5
3.19, 9.26202, 10.645, 1.71487, 5
3.2, 9.25484, 10.6945, 1.72023, 5
3.21, 9.2474, 10.7439, 1.72559, 5
3.22, 9.23969, 10.7933, 1.73095, 5
3.23, 9.23172, 10.8427, 1.73631, 5
3.24, 9.22348, 10.892, 1.74167, 5
3.25, 9.21498, 10.9413, 1.74703, 5
3.26, 9.20621, 10.9905, 1.75239, 5
3.27, 9.19718, 11.0397, 1.75775, 5
3.28, 9.18789, 11.0888, 1.76311, 5
3.29, 9.17833, 11.1379, 1.76846, 5
3.3, 9.16851, 11.1869, 1.77382, 5
3.31, 9.15843, 11.2359, 1.77918, 5
3.32, 9.14809, 11.2848, 1.78454, 5
3.33, 9.13748, 11.3337, 1.7899, 5
3.34, 9.12661, 11.3825, 1.79526, 5
3.35, 9.11548, 11.4312, 1.80062, 5
3.36, 9.10409, 11.4799, 1.80598, 5
3.37, 9.09244, 11.5285, 1.81134, 5
3.38, 9.08053, 11.5771, 1.8167, 5
3.39, 9.06836, 11.6256, 1.82205, 5
3.4, 9.05593, 11.674, 1.82741, 5
3.41, 9.04324, 11.7224, 1.83277, 5
3.42, 9.03029, 11.7707, 1.83813, 5
3.43, 9.01708, 11.8189, 1.84349, 5
3.44, 9.00361, 11.867, 1.84885, 5
3.45, 8.98989, 11.9151, 1.85421, 5
3.46, 8.97591, 11.9631, 1.85957, 5
3.47, 8.96167, 12.011, 1.86493, 5
3.48, 8.94717, 12.0589, 1.87029, 5
3.49, 8.93242, 12.1067, 1.87564, 5
3.5, 8.91741, 12.1544, 1.881, 5
3.51, 8.90215, 12.202, 1.88636, 5
3.52, 8.88663, 12.2495, 1.89172, 5
3.53, 8.87086, 12.297, 1.89708, 5
3.54, 8.85483, 12.3443, 1.90244, 5
3.55, 8.83856, 12.3916, 1.9078, 5
3.56, 8.82202, 12.4388, 1.91316, 5
3.57, 8.80524, 12.4859, 1.91852, 5
3.58, 8.7882, 12.5329, 1.92388, 5
3.59, 8.77091, 12.5798, 1.92923, 5
3.6, 8.75337, 12.6266, 1.93459, 5
3.61, 8.73558, 12.6734, 1.93995, 5
3.62, 8.71754, 12.72, 1.94531, 5
3.63, 8.69925, 12.7665, 1.95067, 5
3.64, 8.6807, 12.813, 1.95603, 5
3.65, 8.66192, 12.8593, 1.96139, 5
3.66, 8.64288, 12.9055, 1.96675, 5
3.67, 8.6236, 12.9517, 1.97211, 5
3.68, 8.60406, 12.9977, 1.97747, 5
3.69, 8.58429, 13.0436, 1.98282, 5
3.7, 8.56426, 13.0894, 1.98818, 5
3.71, 8.54399, 13.1351, 1.99354, 5
3.72, 8.52348, 13.1807, 1.9989, 5
3.73, 8.50272, 13.2262, 2.00426, 5
3.74, 8.48172, 13.2716, 2.00962, 5
3.75, 8.46048, 13.3169, 2.01498, 5
3.76, 8.43899, 13.362, 2.02034, 5
3.77, 8.41727, 13.407, 2.0257, 5
3.78, 8.3953, 13.4519, 2.03105, 5
3.79, 8.37309, 13.4967, 2.03641, 5
3.8, 8.35064, 13.5414, 2.04177, 5
3.81, 8.32795, 13.586, 2.04713, 5
3.82, 8.30503, 13.6304, 2.05249, 5
3.83, 8.28186, 13.6747, 2.05785, 5
3.84, 8.25846, 13.7189, 2.06321, 5
3.85, 8.23482, 13.763, 2.06857, 5
3.86, 8.21095, 13.8069, 2.07393, 5
3.87, 8.18684, 13.8507, 2.07929, 5
3.88, 8.1625, 13.8944, 2.08464, 5
3.89, 8.13792, 13.9379, 2.09, 5
3.9, 8.11311, 13.9813, 2.09536, 5
3.91, 8.08807, 14.0246, 2.10072, 5
3.92, 8.0628, 14.0678, 2.10608, 5
3.93, 8.03729, 14.1108, 2.11144, 5
3.94, 8.01156, 14.1536, 2.1168, 5
3.95, 7.98559, 14.1964, 2.12216, 5
3.96, 7.9594, 14.2389, 2.12752, 5
3.97, 7.93298, 14.2814, 2.13288, 5
3.98, 7.90633, 14.3237, 2.13823, 5
3.99, 7.87946, 14.3659, 2.14359, 5
4, 7.85236, 14.4079, 2.14895, 5
4.01, 7.82504, 14.4498, 2.15431, 5
4.02, 7.79749, 14.4915, 2.15967, 5
4.03, 7.76972, 14.5331, 2.16503, 5
4.04, 7.74172, 14.5745, 2.17039, 5
4.05, 7.71351, 14.6158, 2.17575, 5
4.06, 7.68507, 14.6569, 2.18111, 5
4.07, 7.65642, 14.6979, 2.18647, 5
4.08, 7.62754, 14.7387, 2.19182, 5
4.09, 7.59845, 14.7794, 2.19718, 5
4.1, 7.56914, 14.8199, 2.20254, 5
4.11, 7.53961, 14.8602, 2.2079, 5
4.12, 7.50986, 14.9004, 2.21326, 5
4.13, 7.47991, 14.9404, 2.21862, 5
4.14, 7.44973, 14.9803, 2.22398, 5
4.15, 7.41935, 15.02, 2.22934, 5
4.16, 7.38875, 15.0596, 2.2347, 5
4.17, 7.35794, 15.0989, 2.24006, 5
4.18, 7.32692, 15.1382, 2.24541, 5
4.19, 7.29569, 15.1772, 2.25077, 5
4.2, 7.26425, 15.2161, 2.25613, 5
4.21, 7.2326, 15.2548, 2.26149, 5
4.22, 7.20075, 15.2933, 2.26685, 5
4.23, 7.16869, 15.3317, 2.27221, 5
4.24, 7.13643, 15.3699, 2.27757, 5
4.25, 7.10396, 15.4079, 2.28293, 5
4.26, 7.07128, 15.4458, 2.28829, 5
4.27, 7.03841, 15.4834, 2.29365, 5
4.28, 7.00533, 15.5209, 2.299, 5
4.29, 6.97206, 15.5583, 2.30436, 5
4.3, 6.93858, 15.5954, 2.30972, 5
4.31, 6.90491, 15.6324, 2.31508, 5
4.32, 6.87103, 15.6691, 2.32044, 5
4.33, 6.83696, 15.7057, 2.3258, 5
4.34, 6.8027, 15.7421, 2.33116, 5
4.35, 6.76824, 15.7784, 2.33652, 5
4.36, 6.73359, 15.8144, 2.34188, 5
4.37, 6.69874, 15.8503, 2.34723, 5
4.38, 6.66371, 15.8859, 2.35259, 5
4.39, 6.62848, 15.9214, 2.35795, 5
4.4, 6.59306, 15.9567, 2.36331, 5
4.41, 6.55745, 15.9918, 2.36867, 5
4.42, 6.52166, 16.0267, 2.37403, 5
4.43, 6.48568, 16.0615, 2.37939, 5
4.44, 6.44951, 16.096, 2.38475, 5
4.45, 6.41316, 16.1303, 2.39011, 5
4.46, 6.37663, 16.1644, 2.39547, 5
4.47, 6.33991, 16.1984, 2.40082, 5
4.48, 6.30302, 16.2321, 2.40618, 5
4.49, 6.26594, 16.2657, 2.41154, 5
4.5, 6.22868, 16.299, 2.4169, 5
4.51, 6.19125, 16.3322, 2.42226, 5
4.52, 6.15363, 16.3651, 2.42762, 5
4.53, 6.11585, 16.3979, 2.43298, 5
4.54, 6.07788, 16.4304, 2.43834, 5
4.55, 6.03975, 16.4627, 2.4437, 5
4.56, 6.00144, 16.4949, 2.44906, 5
4.57, 5.96295, 16.5268, 2.45441, 5
4.58, 5.9243, 16.5585, 2.45977, 5
4.59, 5.88548, 16.59, 2.46513, 5
4.6, 5.84649, 16.6213, 2.47049, 5
4.61, 5.80733, 16.6524, 2.47585, 5
4.62, 5.76801, 16.6833, 2.48121, 5
4.63, 5.72852, 16.714, 2.48657, 5
4.64, 5.68887, 16.7444, 2.49193, 5
4.65, 5.64906, 16.7747, 2.49729, 5
4.66, 5.60908, 16.8047, 2.50265, 5
4.67, 5.56895, 16.8345, 2.508, 5
4.68, 5.52865, 16.8641, 2.51336, 5
4.69, 5.4882, 16.8935, 2.51872, 5
4.7, 5.44759, 16.9227, 2.52408, 5
4.71, 5.40682, 16.9516, 2.52944, 5
4.72, 5.3659, 16.9804, 2.5348, 5
4.73, 5.32483, 17.0089, 2.54016, 5
4.74, 5.2836, 17.0372, 2.54552, 5
4.75, 5.24222, 17.0652, 2.55088, 5
4.76, 5.2007, 17.0931, 2.55624, 5
4.77, 5.15902, 17.1207, 2.56159, 5
4.78, 5.1172, 17.1481, 2.56695, 5
4.79, 5.07523, 17.1753, 2.57231, 5
4.8, 5.03311, 17.2022, 2.57767, 5
4.81, 4.99085, 17.229, 2.58303, 5
4.82, 4.94845, 17.2554, 2.58839, 5
4.83, 4.90591, 17.2817, 2.59375, 5
4.84, 4.86323, 17.3078, 2.59911, 5
4.85, 4.82041, 17.3336, 2.60447, 5
4.86, 4.77745, 17.3592, 2.60983, 5
4.87, 4.73435, 17.3845, 2.61518, 5
4.88, 4.69112, 17.4096, 2.62054, 5
4.89, 4.64776, 17.4345, 2.6259, 5
4.9, 4.60426, 17.4592, 2.63126, 5
4.91, 4.56063, 17.4836, 2.63662, 5
4.92, 4.51687, 17.5078, 2.64198, 5
4.93, 4.47298, 17.5317, 2.64734, 5
4.94, 4.42897, 17.5555, 2.6527, 5
4.95, 4.38482, 17.5789, 2.65806, 5
4.96, 4.34056, 17.6022, 2.66341, 5
4.97, 4.29616, 17.6252, 2.66877, 5
4.98, 4.25165, 17.648, 2.67413, 5
4.99, 4.20701, 17.6705, 2.67949, 5
5, 4.16226, 17.6928, 2.68485, 5
5.01, 4.11738, 17.7148, 2.69021, 5
5.02, 4.07239, 17.7367, 2.69557, 5
5.03, 4.02728, 17.7582, 2.70093, 5
5.04, 3.98206, 17.7796, 2.70629, 5
5.05, 3.93672, 17.8006, 2.71165, 5
5.06, 3.89127, 17.8215, 2.717, 5
5.07, 3.84571, 17.8421, 2.72236, 5
5.08, 3.80004, 17.8624, 2.72772, 5
5.09, 3.75426, 17.8825, 2.73308, 5
5.1, 3.70838, 17.9024, 2.73844, 5
5.11, 3.66239, 17.922, 2.7438, 5
5.12, 3.61629, 17.9414, 2.74916, 5
5.13, 3.57009, 17.9605, 2.75452, 5
5.14, 3.52379, 17.9794, 2.75988, 5
5.15, 3.47739, 17.998, 2.76524, 5
5.16, 3.43089, 18.0164, 2.77059, 5
5.17, 3.38429, 18.0345, 2.77595, 5
5.18, 3.3376, 18.0524, 2.78131, 5
5.19, 3.29081, 18.07, 2.78667, 5
5.2, 3.24392, 18.0874, 2.79203, 5
5.21, 3.19695, 18.1045, 2.79739, 5
5.22, 3.14988, 18.1214, 2.80275, 5
5.23, 3.10272, 18.138, 2.80811, 5
5.24, 3.05548, 18.1544, 2.81347, 5
5.25, 3.00814, 18.1705, 2.81883, 5
5.26, 2.96073, 18.1863, 2.82418, 5
5.27, 2.91322, 18.202, 2.82954, 5
5.28, 2.86564, 18.2173, 2.8349, 5
5.29, 2.81797, 18.2324, 2.84026, 5
5.3, 2.77022, 18.2472, 2.84562, 5
5.31, 2.7224, 18.2618, 2.85098, 5
5.32, 2.67449, 18.2761, 2.85634, 5
5.33, 2.62652, 18.2902, 2.8617, 5
5.34, 2.57846, 18.304, 2.86706, 5
5.35, 2.53033, 18.3176, 2.87242, 5
5.36, 2.48213, 18.3309, 2.87777, 5
5.37, 2.43386, 18.3439, 2.88313, 5
5.38, 2.38552, 18.3567, 2.88849, 5
5.39, 2.33712, 18.3692, 2.89385, 5
5.4, 2.28864, 18.3815, 2.89921, 5
5.41, 2.24011, 18.3935, 2.90457, 5
5.42, 2.1915, 18.4052, 2.90993, 5
5.43, 2.14284, 18.4167, 2.91529, 5
5.44, 2.09411, 18.4279, 2.92065, 5
5.45, 2.04533, 18.4389, 2.92601, 5
5.46, 1.99649, 18.4496, 2.93136, 5
5.47, 1.94759, 18.46, 2.93672, 5
5.48, 1.89863, 18.4702, 2.94208, 5
5.49, 1.84963, 18.4801, 2.94744, 5
5.5, 1.80056, 18.4897, 2.9528, 5
5.51, 1.75145, 18.4991, 2.95816, 5
5.52, 1.70229, 18.5082, 2.96352, 5
5.53, 1.65308, 18.5171, 2.96888, 5
5.54, 1.60383, 18.5257, 2.97424, 5
5.55, 1.55453, 18.534, 2.9796, 5
5.56, 1.50518, 18.5421, 2.98495, 5
5.57, 1.45579, 18.5499, 2.99031, 5
5.58, 1.40636, 18.5574, 2.99567, 5
5.59, 1.35689, 18.5647, 3.00103, 5
5.6, 1.30739, 18.5717, 3.00639, 5
5.61, 1.25784, 18.5784, 3.01175, 5
5.62, 1.20826, 18.5849, 3.01711, 5
5.63, 1.15865, 18.5911, 3.02247, 5
5.64, 1.10901, 18.5971, 3.02783, 5
5.65, 1.05933, 18.6027, 3.03318, 5
5.66, 1.00962, 18.6081, 3.03854, 5
5.67, 0.959888, 18.6133, 3.0439, 5
5.68, 0.910126, 18.6182, 3.04926, 5
5.69, 0.860339, 18.6228, 3.05462, 5
5.7, 0.810528, 18.6271, 3.05998, 5
5.71, 0.760695, 18.6312, 3.06534, 5
5.72, 0.71084, 18.635, 3.0707, 5
5.73, 0.660966, 18.6385, 3.07606, 5
5.74, 0.611073, 18.6418, 3.08142, 5
5.75, 0.561164, 18.6448, 3.08677, 5
5.76, 0.511239, 18.6476, 3.09213, 5
5.77, 0.4613, 18.65, 3.09749, 5
5.78, 0.411348, 18.6522, 3.10285, 5
5.79, 0.361386, 18.6542, 3.10821, 5
5.8, 0.311414, 18.6558, 3.11357, 5
5.81, 0.261433, 18.6572, 3.11893, 5
5.82, 0.211446, 18.6584, 3.12429, 5
5.83, 0.161454, 18.6592, 3.12965, 5
5.84, 0.111457, 18.6598, 3.13501, 5
5.85, 0.0614585, 18.6602, 3.14036, 5
5.86, 0.0114585, 18.6602, 3.14572, 5
5.87, -0.0385411, 18.66, 3.15108, 5
5.88, -0.0885388, 18.6596, 3.15644, 5
5.89, -0.138533, 18.6588, 3.1618, 5
5.9, -0.188523, 18.6578, 3.16716, 5
5.91, -0.238507, 18.6565, 3.17252, 5
5.92, -0.288483, 18.655, 3.17788, 5
5.93, -0.33845, 18.6532, 3.18324, 5
5.94, -0.388407, 18.6511, 3.1886, 5
5.95, -0.438351, 18.6487, 3.19395, 5
5.96, -0.488283, 18.6461, 3.19931, 5
5.97, -0.5382, 18.6432, 3.20467, 5
5.98, -0.5881, 18.6401, 3.21003, 5
5.99, -0.637983, 18.6367, 3.21539, 5
6, -0.687847, 18.633, 3.22075, 5
6.01, -0.73769, 18.629, 3.22611, 5
6.02, -0.787512, 18.6248, 3.23147, 5
6.03, -0.83731, 18.6203, 3.23683, 5
6.04, -0.887084, 18.6156, 3.24219, 5
6.05, -0.936831, 18.6105, 3.24754, 5
6.06, -0.98655, 18.6052, 3.2529, 5
6.07, -1.03624, 18.5997, 3.25826, 5
6.08, -1.0859, 18.5939, 3.26362, 5
6.09, -1.13553, 18.5878, 3.26898, 5
6.1, -1.18512, 18.5814, 3.27434, 5
6.11, -1.23468, 18.5748, 3.2797, 5
6.12, -1.28421, 18.5679, 3.28506, 5
6.13, -1.33369, 18.5608, 3.29042, 5
6.14, -1.38314, 18.5534, 3.29578, 5
6.15, -1.43255, 18.5457, 3.30113, 5
6.16, -1.48191, 18.5377, 3.30649, 5
6.17, -1.53124, 18.5295, 3.31185, 5
6.18, -1.58051, 18.5211, 3.31721, 5
6.19, -1.62974, 18.5123, 3.32257, 5
6.2, -1.67893, 18.5033, 3.32793, 5
6.21, -1.72806, 18.4941, 3.33329, 5
6.22, -1.77715, 18.4845, 3.33865, 5
6.23, -1.82618, 18.4748, 3.34401, 5
6.24, -1.87516, 18.4647, 3.34936, 5
6.25, -1.92408, 18.4544, 3.35472, 5
6.26, -1.97295, 18.4438, 3.36008, 5
6.27, -2.02176, 18.433, 3.36544, 5
6.28, -2.07051, 18.4219, 3.3708, 5
6.29, -2.11921, 18.4105, 3.37616, 5
6.3, -2.16784, 18.3989, 3.38152, 5
6.31, -2.21641, 18.387, 3.38688, 5
6.32, -2.26491, 18.3749, 3.39224, 5
6.33, -2.31335, 18.3625, 3.3976, 5
6.34, -2.36172, 18.3498, 3.40295, 5
6.35, -2.41002, 18.3369, 3.40831, 5
6.36, -2.45825, 18.3237, 3.41367, 5
6.37, -2.50641, 18.3103, 3.41903, 5
6.38, -2.5545, 18.2966, 3.42439, 5
6.39, -2.60251, 18.2826, 3.42975, 5
6.4, -2.65045, 18.2684, 3.43511, 5
6.41, -2.69831, 18.254, 3.44047, 5
6.42, -2.7461, 18.2392, 3.44583, 5
6.43, -2.7938, 18.2243, 3.45119, 5
6.44, -2.84142, 18.209, 3.45654, 5
6.45, -2.88896, 18.1935, 3.4619, 5
6.46, -2.93642, 18.1778, 3.46726, 5
6.47, -2.98379, 18.1618, 3.47262, 5
6.48, -3.03108, 18.1455, 3.47798, 5
6.49, -3.07828, 18.129, 3.48334, 5
6.5, -3.12538, 18.1123, 3.4887, 5
6.51, -3.1724, 18.0953, 3.49406, 5
6.52, -3.21933, 18.078, 3.49942, 5
6.53, -3.26616, 18.0605, 3.50478, 5
6.54, -3.3129, 18.0427, 3.51013, 5
6.55, -3.35954, 18.0247, 3.51549, 5
6.56, -3.40609, 18.0065, 3.52085, 5
6.57, -3.45254, 17.9879, 3.52621, 5
6.58, -3.49888, 17.9692, 3.53157, 5
6.59, -3.54513, 17.9502, 3.53693, 5
6.6, -3.59127, 17.9309, 3.54229, 5
6.61, -3.63731, 17.9114, 3.54765, 5
6.62, -3.68325, 17.8917, 3.55301, 5
6.63, -3.72907, 17.8717, 3.55837, 5
6.64, -3.77479, 17.8514, 3.56372, 5
6.65, -3.8204, 17.8309, 3.56908, 5
6.66, -3.8659, 17.8102, 3.57444, 5
6.67, -3.91129, 17.7892, 3.5798, 5
6.68, -3.95657, 17.768, 3.58516, 5
6.69, -4.00173, 17.7466, 3.59052, 5
6.7, -4.04678, 17.7249, 3.59588, 5
6.71, -4.0917, 17.7029, 3.60124, 5
6.72, -4.13652, 17.6807, 3.6066, 5
6.73, -4.18121, 17.6583, 3.61196, 5
6.74, -4.22578, 17.6357, 3.61731, 5
6.75, -4.27022, 17.6128, 3.62267, 5
6.76, -4.31455, 17.5896, 3.62803, 5
6.77, -4.35875, 17.5663, 3.63339, 5
6.78, -4.40282, 17.5426, 3.63875, 5
6.79, -4.44677, 17.5188, 3.64411, 5
6.8, -4.49059, 17.4947, 3.64947, 5
6.81, -4.53428, 17.4704, 3.65483, 5
6.82, -4.57784, 17.4459, 3.66019, 5
6.83, -4.62126, 17.4211, 3.66554, 5
6.84, -4.66455, 17.3961, 3.6709, 5
6.85, -4.70771, 17.3708, 3.67626, 5
6.86, -4.75073, 17.3453, 3.68162, 5
6.87, -4.79362, 17.3196, 3.68698, 5
6.88, -4.83637, 17.2937, 3.69234, 5
6.89, -4.87897, 17.2675, 3.6977, 5
6.9, -4.92144, 17.2411, 3.70306, 5
6.91, -4.96376, 17.2145, 3.70842, 5
6.92, -5.00594, 17.1877, 3.71378, 5
6.93, -5.04798, 17.1606, 3.71913, 5
6.94, -5.08987, 17.1333, 3.72449, 5
6.95, -5.13161, 17.1058, 3.72985, 5
6.96, -5.17321, 17.078, 3.73521, 5
6.97, -5.21465, 17.05, 3.74057, 5
6.98, -5.25595, 17.0219, 3.74593, 5
6.99, -5.29709, 16.9934, 3.75129, 5
7, -5.33808, 16.9648, 3.75665, 5
7.01, -5.37892, 16.936, 3.76201, 5
7.02, -5.4196, 16.9069, 3.76737, 5
7.03, -5.46013, 16.8776, 3.77272, 5
7.04, -5.5005, 16.8481, 3.77808, 5
7.05, -5.54071, 16.8184, 3.78344, 5
7.06, -5.58076, 16.7885, 3.7888, 5
7.07, -5.62064, 16.7583, 3.79416, 5
7.08, -5.66037, 16.7279, 3.79952, 5
7.09, -5.69993, 16.6974, 3.80488, 5
7.1, -5.73933, 16.6666, 3.81024, 5
7.11, -5.77857, 16.6356, 3.8156, 5
7.12, -5.81763, 16.6044, 3.82096, 5
7.13, -5.85653, 16.573, 3.82631, 5
7.14, -5.89526, 16.5413, 3.83167, 5
7.15, -5.93382, 16.5095, 3.83703, 5
7.16, -5.97221, 16.4775, 3.84239, 5
7.17, -6.01042, 16.4452, 3.84775, 5
7.18, -6.04847, 16.4128, 3.85311, 5
7.19, -6.08634, 16.3801, 3.85847, 5
7.2, -6.12403, 16.3473, 3.86383, 5
7.21, -6.16155, 16.3142, 3.86919, 5
7.22, -6.19888, 16.281, 3.87455, 5
7.23, -6.23605, 16.2475, 3.8799, 5
7.24, -6.27303, 16.2139, 3.88526, 5
7.25, -6.30982, 16.18, 3.89062, 5
7.26, -6.34644, 16.146, 3.89598, 5
7.27, -6.38288, 16.1117, 3.90134, 5
7.28, -6.41913, 16.0773, 3.9067, 5
7.29, -6.45519, 16.0427, 3.91206, 5
7.3, -6.49107, 16.0079, 3.91742, 5
7.31, -6.52676, 15.9728, 3.92278, 5
7.32, -6.56227, 15.9376, 3.92814, 5
7.33, -6.59758, 15.9022, 3.93349, 5
7.34, -6.63271, 15.8666, 3.93885, 5
7.35, -6.66764, 15.8309, 3.94421, 5
7.36, -6.70238, 15.7949, 3.94957, 5
7.37, -6.73693, 15.7588, 3.95493, 5
7.38, -6.77128, 15.7224, 3.96029, 5
7.39, -6.80544, 15.6859, 3.96565, 5
7.4, -6.83941, 15.6492, 3.97101, 5
7.41, -6.87317, 15.6124, 3.97637, 5
7.42, -6.90674, 15.5753, 3.98172, 5
7.43, -6.94011, 15.5381, 3.98708, 5
7.44, -6.97327, 15.5007, 3.99244, 5
7.45, -7.00624, 15.4631, 3.9978, 5
7.46, -7.03901, 15.4253, 4.00316, 5
7.47, -7.07157, 15.3873, 4.00852, 5
7.48, -7.10393, 15.3492, 4.01388, 5
7.49, -7.13608, 15.3109, 4.01924, 5
7.5, -7.16803, 15.2725, 4.0246, 5
7.51, -7.19977, 15.2338, 4.02996, 5
7.52, -7.23131, 15.195, 4.03531, 5
7.53, -7.26263, 15.1561, 4.04067, 5
7.54, -7.29375, 15.1169, 4.04603, 5
7.55, -7.32465, 15.0776, 4.05139, 5
7.56, -7.35535, 15.0382, 4.05675, 5
7.57, -7.38583, 14.9985, 4.06211, 5
7.58, -7.4161, 14.9587, 4.06747, 5
7.59, -7.44616, 14.9188, 4.07283, 5
7.6, -7.476, 14.8787, 4.07819, 5
7.61, -7.50563, 14.8384, 4.08355, 5
7.62, -7.53504, 14.7979, 4.0889, 5
7.63, -7.56423, 14.7574, 4.09426, 5
7.64, -7.59321, 14.7166, 4.09962, 5
7.65, -7.62197, 14.6757, 4.10498, 5
7.66, -7.6505, 14.6346, 4.11034, 5
7.67, -7.67882, 14.5934, 4.1157, 5
7.68, -7.70691, 14.5521, 4.12106, 5
7.69, -7.73479, 14.5106, 4.12642, 5
7.7, -7.76244, 14.4689, 4.13178, 5
7.71, -7.78986, 14.4271, 4.13714, 5
7.72, -7.81707, 14.3851, 4.14249, 5
7.73, -7.84404, 14.3431, 4.14785, 5
7.74, -7.8708, 14.3008, 4.15321, 5
7.75, -7.89732, 14.2584, 4.15857, 5
7.76, -7.92362, 14.2159, 4.16393, 5
7.77, -7.94969, 14.1732, 4.16929, 5
7.78, -7.97552, 14.1304, 4.17465, 5
7.79, -8.00113, 14.0875, 4.18001, 5
7.8, -8.02651, 14.0444, 4.18537, 5
7.81, -8.05166, 14.0012, 4.19073, 5
7.82, -8.07658, 13.9578, 4.19608, 5
7.83, -8.10126, 13.9144, 4.20144, 5
7.84, -8.12571, 13.8707, 4.2068, 5
7.85, -8.14993, 13.827, 4.21216, 5
7.86, -8.17391, 13.7831, 4.21752, 5
7.87, -8.19765, 13.7391, 4.22288, 5
7.88, -8.22116, 13.695, 4.22824, 5
7.89, -8.24444, 13.6507, 4.2336, 5
7.9, -8.26747, 13.6064, 4.23896, 5
7.91, -8.29027, 13.5619, 4.24432, 5
7.92, -8.31283, 13.5172, 4.24967, 5
7.93, -8.33515, 13.4725, 4.25503, 5
7.94, -8.35723, 13.4276, 4.26039, 5
7.95, -8.37906, 13.3827, 4.26575, 5
7.96, -8.40066, 13.3376, 4.27111, 5
7.97, -8.42202, 13.2924, 4.27647, 5
7.98, -8.44313, 13.247, 4.28183, 5
7.99, -8.464, 13.2016, 4.28719, 5
8, -8.48462, 13.156, 4.29255, 5
8.01, -8.505, 13.1104, 4.29791, 5
8.02, -8.52514, 13.0646, 4.30326, 5
8.03, -8.54503, 13.0187, 4.30862, 5
8.04, -8.56467, 12.9728, 4.31398, 5
8.05, -8.58407, 12.9267, 4.31934, 5
8.06, -8.60322, 12.8805, 4.3247, 5
8.07, -8.62212, 12.8342, 4.33006, 5
8.08, -8.64078, 12.7878, 4.33542, 5
8.09, -8.65918, 12.7413, 4.34078, 5
8.1, -8.67734, 12.6947, 4.34614, 5
8.11, -8.69525, 12.6481, 4.35149, 5
8.12, -8.7129, 12.6013, 4.35685, 5
8.13, -8.73031, 12.5544, 4.36221, 5
8.14, -8.74746, 12.5074, 4.36757, 5
8.15, -8.76436, 12.4604, 4.37293, 5
8.16, -8.78101, 12.4132, 4.37829, 5
8.17, -8.7974, 12.366, 4.38365, 5
8.18, -8.81355, 12.3187, 4.38901, 5
8.19, -8.82944, 12.2713, 4.39437, 5
8.2, -8.84507, 12.2238, 4.39973, 5
8.21, -8.86045, 12.1762, 4.40508, 5
8.22, -8.87557, 12.1285, 4.41044, 5
8.23, -8.89044, 12.0808, 4.4158, 5
8.24, -8.90506, 12.033, 4.42116, 5
8.25, -8.91941, 11.9851, 4.42652, 5
8.26, -8.93351, 11.9371, 4.43188, 5
8.27, -8.94735, 11.8891, 4.43724, 5
8.28, -8.96094, 11.841, 4.4426, 5
8.29, -8.97427, 11.7928, 4.44796, 5
8.3, -8.98733, 11.7445, 4.45332, 5
8.31, -9.00014, 11.6962, 4.45867, 5
8.32, -9.01269, 11.6478, 4.46403, 5
8.33, -9.02498, 11.5993, 4.46939, 5
8.34, -9.03701, 11.5508, 4.47475, 5
8.35, -9.04878, 11.5022, 4.48011, 5
8.36, -9.06029, 11.4535, 4.48547, 5
8.37, -9.07154, 11.4048, 4.49083, 5
8.38, -9.08253, 11.356, 4.49619, 5
8.39, -9.09326, 11.3072, 4.50155, 5
8.4, -9.10372, 11.2583, 4.50691, 5
8.41, -9.11392, 11.2094, 4.51226, 5
8.42, -9.12386, 11.1603, 4.51762, 5
8.43, -9.13354, 11.1113, 4.52298, 5
8.44, -9.14295, 11.0622, 4.52834, 5
8.45, -9.1521, 11.013, 4.5337, 5
8.46, -9.16099, 10.9638, 4.53906, 5
8.47, -9.16961, 10.9146, 4.54442, 5
8.48, -9.17797, 10.8653, 4.54978, 5
8.49, -9.18607, 10.8159, 4.55514, 5
8.5, -9.1939, 10.7666, 4.5605, 5
8.51, -9.20146, 10.7171, 4.56585, 5
8.52, -9.20876, 10.6677, 4.57121, 5
8.53, -9.2158, 10.6182, 4.57657, 5
8.54, -9.22257, 10.5686, 4.58193, 5
8.55, -9.22907, 10.5191, 4.58729, 5
8.56, -9.23531, 10.4694, 4.59265, 5
8.57, -9.24129, 10.4198, 4.59801, 5
8.58, -9.24699, 10.3701, 4.60337, 5
8.59, -9.25243, 10.3204, 4.60873, 5
8.6, -9.25761, 10.2707, 4.61409, 5
8.61, -9.26251, 10.2209, 4.61944, 5
8.62, -9.26715, 10.1712, 4.6248, 5
8.63, -9.27153, 10.1213, 4.63016, 5
8.64, -9.27563, 10.0715, 4.63552, 5
8.65, -9.27947, 10.0217, 4.64088, 5
8.66, -9.28305, 9.97179, 4.64624, 5
8.67, -9.28635, 9.9219, 4.6516, 5
8.68, -9.28939, 9.87199, 4.65696, 5
8.69, -9.29216, 9.82206, 4.66232, 5
8.7, -9.29466, 9.77213, 4.66767, 5
8.71, -9.2969, 9.72218, 4.67303, 5
8.72, -9.29886, 9.67222, 4.67839, 5
8.73, -9.30056, 9.62225, 4.68375, 5
8.74, -9.302, 9.57227, 4.68911, 5
8.75, -9.30316, 9.52228, 4.69447, 5
8.76, -9.30405, 9.47229, 4.69983, 5
8.77, -9.30468, 9.42229, 4.70519, 5
8.78, -9.30504, 9.37229, 4.71055, 5
8.79, -9.30513, 9.32229, 4.71591, 5
8.8, -9.30496, 9.27229, 4.72126, 5
8.81, -9.30452, 9.22229, 4.72662, 5
8.82, -9.3038, 9.1723, 4.73198, 5
8.83, -9.30282, 9.12231, 4.73734, 5
8.84, -9.30158, 9.07232, 4.7427, 5
8.85, -9.30006, 9.02235, 4.74806, 5
8.86, -9.29828, 8.97238, 4.75342, 5
8.87, -9.29623, 8.92242, 4.75878, 5
8.88, -9.29391, 8.87248, 4.76414, 5
8.89, -9.29132, 8.82254, 4.7695, 5
8.9, -9.28847, 8.77262, 4.77485, 5
8.91, -9.28535, 8.72272, 4.78021, 5
8.92, -9.28196, 8.67284, 4.78557, 5
8.93, -9.2783, 8.62297, 4.79093, 5
8.94, -9.27438, 8.57312, 4.79629, 5
8.95, -9.27019, 8.5233, 4.80165, 5
8.96, -9.26573, 8.4735, 4.80701, 5
8.97, -9.26101, 8.42372, 4.81237, 5
8.98, -9.25602, 8.37397, 4.81773, 5
8.99, -9.25076, 8.32425, 4.82309, 5
9, -9.24524, 8.27456, 4.82844, 5
9.01, -9.23945, 8.22489, 4.8338, 5
9.02, -9.23339, 8.17526, 4.83916, 5
9.03, -9.22707, 8.12566, 4.84452, 5
9.04, -9.22048, 8.0761, 4.84988, 5
9.05, -9.21363, 8.02657, 4.85524, 5
9.06, -9.20651, 7.97708, 4.8606, 5
9.07, -9.19913, 7.92763, 4.86596, 5
9.08, -9.19148, 7.87822, 4.87132, 5
9.09, -9.18357, 7.82885, 4.87668, 5
9.1, -9.17539, 7.77952, 4.88203, 5
9.11, -9.16695, 7.73024, 4.88739, 5
9.12, -9.15824, 7.681, 4.89275, 5
9.13, -9.14927, 7.63181, 4.89811, 5
9.14, -9.14004, 7.58267, 4.90347, 5
9.15, -9.13054, 7.53358, 4.90883, 5
9.16, -9.12078, 7.48454, 4.91419, 5
9.17, -9.11076, 7.43556, 4.91955, 5
9.18, -9.10048, 7.38663, 4.92491, 5
9.19, -9.08993, 7.33775, 4.93027, 5
9.2, -9.07913, 7.28893, 4.93562, 5
9.21, -9.06806, 7.24017, 4.94098, 5
9.22, -9.05673, 7.19147, 4.94634, 5
9.23, -9.04513, 7.14284, 4.9517, 5
9.24, -9.03328, 7.09426, 4.95706, 5
9.25, -9.02117, 7.04575, 4.96242, 5
9.26, -9.0088, 6.99731, 4.96778, 5
9.27, -8.99617, 6.94893, 4.97314, 5
9.28, -8.98328, 6.90062, 4.9785, 5
9.29, -8.97013, 6.85238, 4.98385, 5
9.3, -8.95672, 6.80421, 4.98921, 5
9.31, -8.94306, 6.75611, 4.99457, 5
9.32, -8.92913, 6.70809, 4.99993, 5
9.33, -8.91495, 6.66014, 5.00529, 5
9.34, -8.90052, 6.61227, 5.01065, 5
9.35, -8.88582, 6.56448, 5.01601, 5
9.36, -8.87088, 6.51677, 5.02137, 5
9.37, -8.85567, 6.46913, 5.02673, 5
9.38, -8.84021, 6.42158, 5.03209, 5
9.39, -8.8245, 6.37412, 5.03744, 5
9.4, -8.80853, 6.32674, 5.0428, 5
9.41, -8.79231, 6.27944, 5.04816, 5
9.42, -8.77583, 6.23223, 5.05352, 5
9.43, -8.75911, 6.18511, 5.05888, 5
9.44, -8.74213, 6.13809, 5.06424, 5
9.45, -8.72489, 6.09115, 5.0696, 5
9.46, -8.70741, 6.0443, 5.07496, 5
9.47, -8.68968, 5.99756, 5.08032, 5
9.48, -8.67169, 5.9509, 5.08568, 5
9.49, -8.65346, 5.90434, 5.09103, 5
9.5, -8.63498, 5.85789, 5.09639, 5
9.51, -8.61624, 5.81153, 5.10175, 5
9.52, -8.59726, 5.76527, 5.10711, 5
9.53, -8.57804, 5.71912, 5.11247, 5
9.54, -8.55856, 5.67306, 5.11783, 5
9.55, -8.53884, 5.62712, 5.12319, 5
9.56, -8.51887, 5.58128, 5.12855, 5
9.57, -8.49866, 5.53554, 5.13391, 5
9.58, -8.4782, 5.48992, 5.13927, 5
9.59, -8.4575, 5.44441, 5.14462, 5
9.6, -8.43656, 5.39901, 5.14998, 5
9.61, -8.41537, 5.35372, 5.15534, 5
9.62, -8.39394, 5.30854, 5.1607, 5
9.63, -8.37227, 5.26348, 5.16606, 5
9.64, -8.35035, 5.21854, 5.17142, 5
9.65, -8.3282, 5.17372, 5.17678, 5
9.66, -8.3058, 5.12901, 5.18214, 5
9.67, -8.28317, 5.08443, 5.1875, 5
9.68, -8.2603, 5.03997, 5.19286, 5
9.69, -8.23719, 4.99563, 5.19821, 5
9.7, -8.21384, 4.95141, 5.20357, 5
9.71, -8.19026, 4.90732, 5.20893, 5
9.72, -8.16644, 4.86336, 5.21429, 5
9.73, -8.14239, 4.81953, 5.21965, 5
9.74, -8.1181, 4.77583, 5.22501, 5
9.75, -8.09357, 4.73225, 5.23037, 5
9.76, -8.06882, 4.68881, 5.23573, 5
9.77, -8.04383, 4.6455, 5.24109, 5
9.78, -8.01861, 4.60233, 5.24645, 5
9.79, -7.99316, 4.55929, 5.2518, 5
9.8, -7.96747, 4.51639, 5.25716, 5
9.81, -7.94156, 4.47363, 5.26252, 5
9.82, -7.91542, 4.43101, 5.26788, 5
9.83, -7.88906, 4.38853, 5.27324, 5
9.84, -7.86246, 4.34619, 5.2786, 5
9.85, -7.83564, 4.30399, 5.28396, 5
9.86, -7.80859, 4.26194, 5.28932, 5
9.87, -7.78132, 4.22003, 5.29468, 5
9.88, -7.75382, 4.17827, 5.30004, 5
9.89, -7.7261, 4.13666, 5.30539, 5
9.9, -7.69816, 4.09519, 5.31075, 5
9.91, -7.66999, 4.05388, 5.31611, 5
9.92, -7.64161, 4.01272, 5.32147, 5
9.93, -7.613, 3.97171, 5.32683, 5
9.94, -7.58418, 3.93085, 5.33219, 5
9.95, -7.55513, 3.89016, 5.33755, 5
9.96, -7.52587, 3.84961, 5.34291, 5
9.97, -7.49639, 3.80923, 5.34827, 5
9.98, -7.4667, 3.769, 5.35362, 5
9.99, -7.43679, 3.72893, 5.35898, 5
10, -7.40667, 3.68902, 5.36434, 5
10.01, -7.37633, 3.64928, 5.3697, 5
10.02, -7.34578, 3.6097, 5.37506, 5
10.03, -7.31502, 3.57028, 5.38042, 5
10.04, -7.28405, 3.53103, 5.38578, 5
10.05, -7.25287, 3.49194, 5.39114, 5
10.06, -7.22147, 3.45302, 5.3965, 5
10.07, -7.18988, 3.41427, 5.40186, 5
10.08, -7.15807, 3.37569, 5.40721, 5
10.09, -7.12606, 3.33729, 5.41257, 5
10.1, -7.09384, 3.29905, 5.41793, 5
10.11, -7.06142, 3.26099, 5.42329, 5
10.12, -7.02879, 3.2231, 5.42865, 5
10.13, -6.99596, 3.18539, 5.43401, 5
10.14, -6.96293, 3.14785, 5.43937, 5
10.15, -6.9297, 3.11049, 5.44473, 5
10.16, -6.89627, 3.07331, 5.45009, 5
10.17, -6.86264, 3.03631, 5.45545, 5
10.18, -6.82881, 2.99949, 5.4608, 5
10.19, -6.79479, 2.96285, 5.46616, 5
10.2, -6.76057, 2.92639, 5.47152, 5
10.21, -6.72616, 2.89012, 5.47688, 5
10.22, -6.69155, 2.85404, 5.48224, 5
10.23, -6.65675, 2.81813, 5.4876, 5
10.24, -6.62175, 2.78242, 5.49296, 5
10.25, -6.58657, 2.7469, 5.49832, 5
10.26, -6.55119, 2.71156, 5.50368, 5
10.27, -6.51563, 2.67641, 5.50904, 5
10.28, -6.47988, 2.64146, 5.51439, 5
10.29, -6.44394, 2.60669, 5.51975, 5
10.3, -6.40782, 2.57212, 5.52511, 5
10.31, -6.37151, 2.53775, 5.53047, 5
10.32, -6.33502, 2.50357, 5.53583, 5
10.33, -6.29834, 2.46958, 5.54119, 5
10.34, -6.26149, 2.43579, 5.54655, 5
10.35, -6.22445, 2.4022, 5.55191, 5
10.36, -6.18724, 2.36881, 5.55727, 5
10.37, -6.14984, 2.33562, 5.56263, 5
10.38, -6.11227, 2.30263, 5.56798, 5
10.39, -6.07452, 2.26984, 5.57334, 5
10.4, -6.0366, 2.23726, 5.5787, 5
10.41, -5.9985, 2.20487, 5.58406, 5
10.42, -5.96023, 2.1727, 5.58942, 5
10.43, -5.92179, 2.14072, 5.59478, 5
10.44, -5.88318, 2.10896, 5.60014, 5
10.45, -5.84439, 2.0774, 5.6055, 5
10.46, -5.80544, 2.04605, 5.61086, 5
10.47, -5.76632, 2.01491, 5.61622, 5
10.48, -5.72704, 1.98398, 5.62157, 5
10.49, -5.68759, 1.95326, 5.62693, 5
10.5, -5.64797, 1.92275, 5.63229, 5
10.51, -5.6082, 1.89246, 5.63765, 5
10.52, -5.56826, 1.86238, 5.64301, 5
10.53, -5.52816, 1.83251, 5.64837, 5
10.54, -5.4879, 1.80286, 5.65373, 5
10.55, -5.44748, 1.77342, 5.65909, 5
10.56, -5.40691, 1.74421, 5.66445, 5
10.57, -5.36618, 1.71521, 5.6698, 5
10.58, -5.32529, 1.68642, 5.67516, 5
10.59, -5.28425, 1.65786, 5.68052, 5
10.6, -5.24306, 1.62952, 5.68588, 5
10.61, -5.20172, 1.6014, 5.69124, 5
10.62, -5.16023, 1.5735, 5.6966, 5
10.63, -5.11858, 1.54582, 5.70196, 5
10.64, -5.07679, 1.51837, 5.70732, 5
10.65, -5.03486, 1.49114, 5.71268, 5
10.66, -4.99278, 1.46414, 5.71804, 5
10.67, -4.95055, 1.43736, 5.72339, 5
10.68, -4.90818, 1.41081, 5.72875, 5
10.69, -4.86567, 1.38449, 5.73411, 5
10.7, -4.82302, 1.35839, 5.73947, 5
10.71, -4.78023, 1.33253, 5.74483, 5
10.72, -4.73731, 1.30689, 5.75019, 5
10.73, -4.69424, 1.28149, 5.75555, 5
10.74, -4.65104, 1.25631, 5.76091, 5
10.75, -4.60771, 1.23137, 5.76627, 5
10.76, -4.56424, 1.20666, 5.77163, 5
10.77, -4.52064, 1.18218, 5.77698, 5
10.78, -4.47691, 1.15794, 5.78234, 5
10.79, -4.43305, 1.13393, 5.7877, 5
10.8, -4.38906, 1.11016, 5.79306, 5
10.81, -4.34495, 1.08662, 5.79842, 5
10.82, -4.30071, 1.06332, 5.80378, 5
10.83, -4.25635, 1.04026, 5.80914, 5
10.84, -4.21186, 1.01743, 5.8145, 5
10.85, -4.16725, 0.994849, 5.81986, 5
10.86, -4.12253, 0.972503, 5.82522, 5
10.87, -4.07768, 0.950396, 5.83057, 5
10.88, -4.03271, 0.92853, 5.83593, 5
10.89, -3.98763, 0.906906, 5.84129, 5
10.9, -3.94243, 0.885523, 5.84665, 5
10.91, -3.89712, 0.864383, 5.85201, 5
10.92, -3.8517, 0.843486, 5.85737, 5
10.93, -3.80616, 0.822833, 5.86273, 5
10.94, -3.76052, 0.802424, 5.86809, 5
10.95, -3.71476, 0.78226, 5.87345, 5
10.96, -3.6689, 0.762342, 5.87881, 5
10.97, -3.62294, 0.742669, 5.88416, 5
10.98, -3.57686, 0.723244, 5.88952, 5
10.99, -3.53069, 0.704065, 5.89488, 5
11, -3.48441, 0.685134, 5.90024, 5
11.01, -3.43803, 0.666451, 5.9056, 5
11.02, -3.39155, 0.648017, 5.91096, 5
11.03, -3.34498, 0.629833, 5.91632, 5
11.04, -3.29831, 0.611898, 5.92168, 5
11.05, -3.25154, 0.594214, 5.92704, 5
11.06, -3.20467, 0.576781, 5.9324, 5
11.07, -3.15772, 0.559599, 5.93775, 5
11.08, -3.11067, 0.542669, 5.94311, 5
11.09, -3.06354, 0.525991, 5.94847, 5
11.1, -3.01631, 0.509566, 5.95383, 5
11.11, -2.969, 0.493394, 5.95919, 5
11.12, -2.9216, 0.477476, 5.96455, 5
11.13, -2.87412, 0.461813, 5.96991, 5
11.14, -2.82655, 0.446404, 5.97527, 5
11.15, -2.7789, 0.43125, 5.98063, 5
11.16, -2.73117, 0.416352, 5.98598, 5
11.17, -2.68337, 0.40171, 5.99134, 5
11.18, -2.63548, 0.387324, 5.9967, 5
11.19, -2.58752, 0.373195, 6.00206, 5
11.2, -2.53948, 0.359323, 6.00742, 5
11.21, -2.49137, 0.345709, 6.01278, 5
11.22, -2.44319, 0.332353, 6.01814, 5
11.23, -2.39493, 0.319255, 6.0235, 5
11.24, -2.34661, 0.306416, 6.02886, 5
11.25, -2.29822, 0.293837, 6.03422, 5
11.26, -2.24976, 0.281516, 6.03957, 5
11.27, -2.20123, 0.269456, 6.04493, 5
11.28, -2.15265, 0.257656, 6.05029, 5
11.29, -2.104, 0.246116, 6.05565, 5
11.3, -2.05529, 0.234837, 6.06101, 5
11.31, -2.00651, 0.22382, 6.06637, 5
11.32, -1.95769, 0.213064, 6.07173, 5
11.33, -1.9088, 0.202569, 6.07709, 5
11.34, -1.85986, 0.192337, 6.08245, 5
11.35, -1.81086, 0.182368, 6.08781, 5
11.36, -1.76181, 0.172661, 6.09316, 5
11.37, -1.71271, 0.163217, 6.09852, 5
11.38, -1.66356, 0.154036, 6.10388, 5
11.39, -1.61436, 0.145119, 6.10924, 5
11.4, -1.56512, 0.136466, 6.1146, 5
11.41, -1.51583, 0.128076, 6.11996, 5
11.42, -1.46649, 0.119951, 6.12532, 5
11.43, -1.41711, 0.11209, 6.13068, 5
11.44, -1.36769, 0.104495, 6.13604, 5
11.45, -1.31823, 0.0971637, 6.1414, 5
11.46, -1.26874, 0.090098, 6.14675, 5
11.47, -1.2192, 0.0832976, 6.15211, 5
11.48, -1.16963, 0.0767627, 6.15747, 5
11.49, -1.12002, 0.0704936, 6.16283, 5
11.5, -1.07039, 0.0644904, 6.16819, 5
11.51, -1.02072, 0.0587534, 6.17355, 5
11.52, -0.971017, 0.0532825, 6.17891, 5
11.53, -0.921288, 0.0480781, 6.18427, 5
11.54, -0.871533, 0.0431403, 6.18963, 5
11.55, -0.821751, 0.0384692, 6.19499, 5
11.56, -0.771946, 0.0340649, 6.20034, 5
11.57, -0.722117, 0.0299276, 6.2057, 5
11.58, -0.672267, 0.0260573, 6.21106, 5
11.59, -0.622397, 0.0224543, 6.21642, 5
11.6, -0.572509, 0.0191186, 6.22178, 5
11.61, -0.522603, 0.0160503, 6.22714, 5
11.62, -0.472681, 0.0132494, 6.2325, 5
11.63, -0.422746, 0.0107162, 6.23786, 5
11.64, -0.372797, 0.00845053, 6.24322, 5
11.65, -0.322837, 0.00645261, 6.24858, 5
11.66, -0.272867, 0.00472245, 6.25393, 5
11.67, -0.222888, 0.0032601, 6.25929, 5
11.68, -0.172902, 0.00206561, 6.26465, 5
11.69, -0.122911, 0.001139, 6.27001, 5
11.7, -0.0729153, 0.000480308, 6.27537, 5
11.71, -0.0229168, 8.95506e-05, 6.28073, 5
11.72, 0.027083, -3.32611e-05, 0.00290275, 5
11.73, 0.0770828, 0.000111876, 0.00826173, 5
11.74, 0.127081, 0.000524958, 0.0136207, 5
11.75, 0.177076, 0.00120597, 0.0189797, 5
11.76, 0.227067, 0.0021549, 0.0243387, 5
11.77, 0.277053, 0.00337171, 0.0296977, 5
11.78, 0.327031, 0.00485638, 0.0350567, 5
11.79, 0.377, 0.00660885, 0.0404156, 5
11.8, 0.426959, 0.00862908, 0.0457746, 5
11.81, 0.476907, 0.010917, 0.0511336, 5
11.82, 0.526841, 0.0134726, 0.0564926, 5
11.83, 0.576762, 0.0162957, 0.0618516, 5
11.84, 0.626666, 0.0193863, 0.0672106, 5
11.85, 0.676553, 0.0227443, 0.0725695, 5
11.86, 0.726421, 0.0263696, 0.0779285, 5
11.87, 0.77627, 0.0302621, 0.0832875, 5
11.88, 0.826096, 0.0344217, 0.0886465, 5
11.89, 0.8759, 0.0388482, 0.0940055, 5
11.9, 0.925679, 0.0435415, 0.0993645, 5
11.91, 0.975433, 0.0485016, 0.104723, 5
11.92, 1.02516, 0.0537282, 0.110082, 5
11.93, 1.07486, 0.0592212, 0.115441, 5
11.94, 1.12452, 0.0649805, 0.1208, 5
11.95, 1.17416, 0.0710058, 0.126159, 5
11.96, 1.22376, 0.077297, 0.131518, 5
11.97, 1.27333, 0.083854, 0.136877, 5
11.98, 1.32286, 0.0906765, 0.142236, 5
11.99, 1.37236, 0.0977644, 0.147595, 5
12, 1.42181, 0.105117, 0.152954, 5
12.01, 1.47123, 0.112735, 0.158313, 5
12.02, 1.5206, 0.120618, 0.163672, 5
12.03, 1.56994, 0.128765, 0.169031, 5
12.04, 1.61922, 0.137176, 0.17439, 5
12.05, 1.66847, 0.145852, 0.179749, 5
12.06, 1.71766, 0.154791, 0.185108, 5
12.07, 1.76681, 0.163994, 0.190467, 5
12.08, 1.8159, 0.17346, 0.195826, 5
12.09, 1.86495, 0.183188, 0.201185, 5
12.1, 1.91394, 0.19318, 0.206544, 5
12.11, 1.96287, 0.203434, 0.211903, 5
12.12, 2.01176, 0.21395, 0.217262, 5
12.13, 2.06058, 0.224728, 0.222621, 5
12.14, 2.10935, 0.235767, 0.22798, 5
12.15, 2.15805, 0.247068, 0.233339, 5
12.16, 2.2067, 0.258629, 0.238698, 5
12.17, 2.25528, 0.270451, 0.244057, 5
12.18, 2.3038, 0.282533, 0.249416, 5
12.19, 2.35225, 0.294875, 0.254775, 5
12.2, 2.40064, 0.307476, 0.260134, 5
12.21, 2.44896, 0.320337, 0.265493, 5
12.22, 2.4972, 0.333456, 0.270852, 5
12.23, 2.54538, 0.346834, 0.276211, 5
12.24, 2.59349, 0.360469, 0.28157, 5
12.25, 2.64152, 0.374362, 0.286929, 5
12.26, 2.68947, 0.388513, 0.292288, 5
12.27, 2.73735, 0.40292, 0.297647, 5
12.28, 2.78515, 0.417584, 0.303006, 5
12.29, 2.83288, 0.432503, 0.308365, 5
12.3, 2.88052, 0.447678, 0.313724, 5
12.31, 2.92808, 0.463108, 0.319083, 5
12.32, 2.97555, 0.478793, 0.324442, 5
12.33, 3.02294, 0.494732, 0.329801, 5
12.34, 3.07025, 0.510925, 0.33516, 5
12.35, 3.11747, 0.527371, 0.340519, 5
12.36, 3.1646, 0.54407, 0.345878, 5
12.37, 3.21164, 0.561021, 0.351237, 5
12.38, 3.25858, 0.578224, 0.356596, 5
12.39, 3.30544, 0.595678, 0.361955, 5
12.4, 3.3522, 0.613383, 0.367314, 5
12.41, 3.39886, 0.631339, 0.372673, 5
12.42, 3.44543, 0.649544, 0.378032, 5
12.43, 3.4919, 0.667998, 0.383391, 5
12.44, 3.53827, 0.686702, 0.38875, 5
12.45, 3.58454, 0.705653, 0.394109, 5
12.46, 3.63071, 0.724853, 0.399468, 5
12.47, 3.67677, 0.744299, 0.404827, 5
12.48, 3.72273, 0.763992, 0.410186, 5
12.49, 3.76858, 0.783931, 0.415545, 5
12.5, 3.81433, 0.804115, 0.420903, 5
12.51, 3.85996, 0.824545, 0.426262, 5
12.52, 3.90549, 0.845218, 0.431621, 5
12.53, 3.9509, 0.866135, 0.43698, 5
12.54, 3.9962, 0.887296, 0.442339, 5
12.55, 4.04139, 0.908698, 0.447698, 5
12.56, 4.08646, 0.930343, 0.453057, 5
12.57, 4.13142, 0.952229, 0.458416, 5
12.58, 4.17626, 0.974355, 0.463775, 5
12.59, 4.22097, 0.996722, 0.469134, 5
12.6, 4.26557, 1.01933, 0.474493, 5
12.61, 4.31005, 1.04217, 0.479852, 5
12.62, 4.3544, 1.06525, 0.485211, 5
12.63, 4.39863, 1.08857, 0.49057, 5
12.64, 4.44273, 1.11213, 0.495929, 5
12.65, 4.48671, 1.13592, 0.501288, 5
12.66, 4.53056, 1.15995, 0.506647, 5
12.67, 4.57428, 1.18421, 0.512006, 5
12.68, 4.61787, 1.20871, 0.517365, 5
12.69, 4.66132, 1.23344, 0.522724, 5
12.7, 4.70465, 1.2584, 0.528083, 5
12.71, 4.74783, 1.2836, 0.533442, 5
12.72, 4.79089, 1.30902, 0.538801, 5
12.73, 4.8338, 1.33468, 0.54416, 5
12.74, 4.87658, 1.36056, 0.549519, 5
12.75, 4.91922, 1.38667, 0.554878, 5
12.76, 4.96172, 1.41302, 0.560237, 5
12.77, 5.00407, 1.43959, 0.565596, 5
12.78, 5.04629, 1.46638, 0.570955, 5
12.79, 5.08836, 1.4934, 0.576314, 5
12.8, 5.13028, 1.52065, 0.581673, 5
12.81, 5.17206, 1.54812, 0.587032, 5
12.82, 5.21369, 1.57582, 0.592391, 5
12.83, 5.25517, 1.60373, 0.59775, 5
12.84, 5.2965, 1.63187, 0.603109, 5
12.85, 5.33768, 1.66023, 0.608468, 5
12.86, 5.3787, 1.68881, 0.613827, 5
12.87, 5.41958, 1.71761, 0.619186, 5
12.88, 5.46029, 1.74663, 0.624545, 5
12.89, 5.50086, 1.77587, 0.629904, 5
12.9, 5.54126, 1.80532, 0.635263, 5
12.91, 5.58151, 1.83499, 0.640622, 5
12.92, 5.62159, 1.86488, 0.645981, 5
12.93, 5.66152, 1.89497, 0.65134, 5
12.94, 5.70128, 1.92529, 0.656699, 5
12.95, 5.74088, 1.95581, 0.662058, 5
12.96, 5.78032, 1.98655, 0.667417, 5
12.97, 5.81959, 2.0175, 0.672776, 5
12.98, 5.85869, 2.04866, 0.678135, 5
12.99, 5.89763, 2.08002, 0.683494, 5
13, 5.9364, 2.1116, 0.688853, 5
13.01, 5.975, 2.14338, 0.694212, 5
13.02, 6.01343, 2.17537, 0.699571, 5
13.03, 6.05168, 2.20756, 0.70493, 5
13.04, 6.08976, 2.23996, 0.710289, 5
13.05, 6.12767, 2.27257, 0.715648, 5
13.06, 6.16541, 2.30537, 0.721007, 5
13.07, 6.20296, 2.33838, 0.726366, 5
13.08, 6.24034, 2.37159, 0.731725, 5
13.09, 6.27754, 2.40499, 0.737084, 5
13.1, 6.31457, 2.4386, 0.742443, 5
13.11, 6.35141, 2.4724, 0.747802, 5
13.12, 6.38807, 2.50641, 0.75316, 5
13.13, 6.42454, 2.5406, 0.758519, 5
13.14, 6.46084, 2.575, 0.763878, 5
13.15, 6.49694, 2.60958, 0.769237, 5
13.16, 6.53287, 2.64436, 0.774596, 5
13.17, 6.5686, 2.67933, 0.779955, 5
13.18, 6.60415, 2.7145, 0.785314, 5
13.19, 6.63951, 2.74985, 0.790673, 5
13.2, 6.67468, 2.78539, 0.796032, 5
13.21, 6.70965, 2.82112, 0.801391, 5
13.22, 6.74444, 2.85703, 0.80675, 5
13.23, 6.77903, 2.89314, 0.812109, 5
13.24, 6.81343, 2.92942, 0.817468, 5
13.25, 6.84763, 2.96589, 0.822827, 5
13.26, 6.88164, 3.00255, 0.828186, 5
13.27, 6.91545, 3.03938, 0.833545, 5
13.28, 6.94906, 3.0764, 0.838904, 5
13.29, 6.98248, 3.1136, 0.844263, 5
13.3, 7.01569, 3.15097, 0.849622, 5
13.31, 7.0487, 3.18852, 0.854981, 5
13.32, 7.08152, 3.22625, 0.86034, 5
13.33, 7.11413, 3.26415, 0.865699, 5
13.34, 7.14653, 3.30223, 0.871058, 5
13.35, 7.17873, 3.34048, 0.876417, 5
13.36, 7.21073, 3.3789, 0.881776, 5
13.37, 7.24252, 3.4175, 0.887135, 5
13.38, 7.2741, 3.45626, 0.892494, 5
13.39, 7.30547, 3.49519, 0.897853, 5
13.4, 7.33664, 3.53429, 0.903212, 5
13.41, 7.36759, 3.57356, 0.908571, 5
13.42, 7.39833, 3.61299, 0.91393, 5
13.43, 7.42887, 3.65258, 0.919289, 5
13.44, 7.45919, 3.69234, 0.924648, 5
13.45, 7.48929, 3.73226, 0.930007, 5
13.46, 7.51918, 3.77234, 0.935366, 5
13.47, 7.54886, 3.81258, 0.940725, 5
13.48, 7.57832, 3.85298, 0.946084, 5
13.49, 7.60756, 3.89354, 0.951443, 5
13.5, 7.63659, 3.93425, 0.956802, 5
13.51, 7.66539, 3.97512, 0.962161, 5
13.52, 7.69398, 4.01614, 0.96752, 5
13.53, 7.72235, 4.05732, 0.972879, 5
13.54, 7.7505, 4.09864, 0.978238, 5
13.55, 7.77842, 4.14012, 0.983597, 5
13.56, 7.80612, 4.18174, 0.988956, 5
13.57, 7.8336, 4.22351, 0.994315, 5
13.58, 7.86085, 4.26543, 0.999674, 5
13.59, 7.88788, 4.3075, 1.00503, 5
13.6, 7.91468, 4.34971, 1.01039, 5
13.61, 7.94126, 4.39206, 1.01575, 5
13.62, 7.96761, 4.43455, 1.02111, 5
13.63, 7.99373, 4.47719, 1.02647, 5
13.64, 8.01962, 4.51996, 1.03183, 5
13.65, 8.04529, 4.56287, 1.03719, 5
13.66, 8.07072, 4.60592, 1.04255, 5
13.67, 8.09592, 4.64911, 1.0479, 5
13.68, 8.12089, 4.69243, 1.05326, 5
13.69, 8.14563, 4.73588, 1.05862, 5
13.7, 8.17013, 4.77946, 1.06398, 5
13.71, 8.1944, 4.82318, 1.06934, 5
13.72, 8.21843, 4.86702, 1.0747, 5
13.73, 8.24223, 4.91099, 1.08006, 5
13.74, 8.2658, 4.95509, 1.08542, 5
13.75, 8.28913, 4.99932, 1.09078, 5
13.76, 8.31221, 5.04367, 1.09614, 5
13.77, 8.33507, 5.08814, 1.10149, 5
13.78, 8.35768, 5.13273, 1.10685, 5
13.79, 8.38005, 5.17745, 1.11221, 5
13.8, 8.40219, 5.22228, 1.11757, 5
13.81, 8.42408, 5.26723, 1.12293, 5
13.82, 8.44573, 5.3123, 1.12829, 5
13.83, 8.46714, 5.35749, 1.13365, 5
13.84, 8.48831, 5.40279, 1.13901, 5
13.85, 8.50924, 5.4482, 1.14437, 5
13.86, 8.52992, 5.49372, 1.14973, 5
13.87, 8.55035, 5.53935, 1.15508, 5
13.88, 8.57055, 5.58509, 1.16044, 5
13.89, 8.59049, 5.63094, 1.1658, 5
13.9, 8.61019, 5.6769, 1.17116, 5
13.91, 8.62965, 5.72296, 1.17652, 5
13.92, 8.64885, 5.76912, 1.18188, 5
13.93, 8.66781, 5.81539, 1.18724, 5
13.94, 8.68653, 5.86175, 1.1926, 5
13.95, 8.70499, 5.90822, 1.19796, 5
13.96, 8.7232, 5.95478, 1.20332, 5
13.97, 8.74116, 6.00145, 1.20867, 5
13.98, 8.75888, 6.0482, 1.21403, 5
13.99, 8.77634, 6.09506, 1.21939, 5
14, 8.79355, 6.142, 1.22475, 5
14.01, 8.81051, 6.18904, 1.23011, 5
14.02, 8.82722, 6.23616, 1.23547, 5
14.03, 8.84367, 6.28338, 1.24083, 5
14.04, 8.85987, 6.33068, 1.24619, 5
14.05, 8.87582, 6.37807, 1.25155, 5
14.06, 8.89151, 6.42554, 1.2569, 5
14.07, 8.90695, 6.4731, 1.26226, 5
14.08, 8.92213, 6.52074, 1.26762, 5
14.09, 8.93706, 6.56846, 1.27298, 5
14.1, 8.95173, 6.61626, 1.27834, 5
14.11, 8.96615, 6.66413, 1.2837, 5
14.12, 8.9803, 6.71209, 1.28906, 5
14.13, 8.99421, 6.76012, 1.29442, 5
14.14, 9.00785, 6.80822, 1.29978, 5
14.15, 9.02123, 6.85639, 1.30514, 5
14.16, 9.03436, 6.90464, 1.31049, 5
14.17, 9.04723, 6.95296, 1.31585, 5
14.18, 9.05984, 7.00134, 1.32121, 5
14.19, 9.07219, 7.04979, 1.32657, 5
14.2, 9.08428, 7.09831, 1.33193, 5
14.21, 9.09611, 7.14689, 1.33729, 5
14.22, 9.10768, 7.19553, 1.34265, 5
14.23, 9.11899, 7.24423, 1.34801, 5
14.24, 9.13004, 7.293, 1.35337, 5
14.25, 9.14082, 7.34182, 1.35873, 5
14.26, 9.15135, 7.3907, 1.36408, 5
14.27, 9.16161, 7.43964, 1.36944, 5
14.28, 9.17161, 7.48863, 1.3748, 5
14.29, 9.18134, 7.53767, 1.38016, 5
14.3, 9.19082, 7.58676, 1.38552, 5
14.31, 9.20003, 7.63591, 1.39088, 5
14.32, 9.20898, 7.6851, 1.39624, 5
14.33, 9.21766, 7.73434, 1.4016, 5
14.34, 9.22608, 7.78363, 1.40696, 5
14.35, 9.23424, 7.83296, 1.41232, 5
14.36, 9.24213, 7.88233, 1.41767, 5
14.37, 9.24975, 7.93175, 1.42303, 5
14.38, 9.25711, 7.9812, 1.42839, 5
14.39, 9.26421, 8.03069, 1.43375, 5
14.4, 9.27104, 8.08023, 1.43911, 5
14.41, 9.27761, 8.12979, 1.44447, 5
14.42, 9.28391, 8.17939, 1.44983, 5
14.43, 9.28994, 8.22903, 1.45519, 5
14.44, 9.29571, 8.2787, 1.46055, 5
14.45, 9.30121, 8.32839, 1.46591, 5
14.46, 9.30644, 8.37812, 1.47126, 5
14.47, 9.31141, 8.42787, 1.47662, 5
14.48, 9.31611, 8.47765, 1.48198, 5
14.49, 9.32055, 8.52745, 1.48734, 5
14.5, 9.32472, 8.57728, 1.4927, 5
14.51, 9.32862, 8.62712, 1.49806, 5
14.52, 9.33225, 8.67699, 1.50342, 5
14.53, 9.33562, 8.72688, 1.50878, 5
14.54, 9.33872, 8.77678, 1.51414, 5
14.55, 9.34155, 8.8267, 1.5195, 5
14.56, 9.34411, 8.87664, 1.52485, 5
14.57, 9.34641, 8.92658, 1.53021, 5
14.58, 9.34844, 8.97654, 1.53557, 5
14.59, 9.3502, 9.02651, 1.54093, 5
14.6, 9.35169, 9.07649, 1.54629, 5
14.61, 9.35292, 9.12647, 1.55165, 5
14.62, 9.35387, 9.17647, 1.55701, 5
14.63, 9.35456, 9.22646, 1.56237, 5
14.64, 9.35498, 9.27646, 1.56773, 5
14.65, 9.35514, 9.32646, 1.57309, 5
14.66, 9.35502, 9.37646, 1.57844, 5
14.67, 9.35464, 9.42646, 1.5838, 5
14.68, 9.35399, 9.47645, 1.58916, 5
14.69, 9.35307, 9.52644, 1.59452, 5
14.7, 9.35189, 9.57643, 1.59988, 5
14.71, 9.35043, 9.62641, 1.60524, 5
14.72, 9.34871, 9.67638, 1.6106, 5
14.73, 9.34672, 9.72634, 1.61596, 5
14.74, 9.34446, 9.77629, 1.62132, 5
14.75, 9.34194, 9.82622, 1.62667, 5
14.76, 9.33915, 9.87615, 1.63203, 5
14.77, 9.33609, 9.92605, 1.63739, 5
14.78, 9.33276, 9.97594, 1.64275, 5
14.79, 9.32916, 10.0258, 1.64811, 5
14.8, 9.3253, 10.0757, 1.65347, 5
14.81, 9.32117, 10.1255, 1.65883, 5
14.82, 9.31678, 10.1753, 1.66419, 5
14.83, 9.31211, 10.2251, 1.66955, 5
14.84, 9.30718, 10.2748, 1.67491, 5
14.85, 9.30199, 10.3246, 1.68026, 5
14.86, 9.29653, 10.3743, 1.68562, 5
14.87, 9.2908, 10.4239, 1.69098, 5
14.88, 9.2848, 10.4736, 1.69634, 5
14.89, 9.27854, 10.5232, 1.7017, 5
14.9, 9.27202, 10.5728, 1.70706, 5
14.91, 9.26522, 10.6223, 1.71242, 5
14.92, 9.25817, 10.6718, 1.71778, 5
14.93, 9.25084, 10.7213, 1.72314, 5
14.94, 9.24326, 10.7707, 1.7285, 5
14.95, 9.2354, 10.8201, 1.73385, 5
14.96, 9.22729, 10.8694, 1.73921, 5
14.97, 9.21891, 10.9187, 1.74457, 5
14.98, 9.21026, 10.9679, 1.74993, 5
14.99, 9.20135, 11.0171, 1.75529, 5
15, 9.19218, 11.0663, 1.76065, 5
15.01, 9.18274, 11.1154, 1.76601, 5
15.02, 9.17304, 11.1644, 1.77137, 5
15.03, 9.16308, 11.2134, 1.77673, 5
15.04, 9.15286, 11.2624, 1.78209, 5
15.05, 9.14237, 11.3113, 1.78744, 5
15.06, 9.13163, 11.3601, 1.7928, 5
15.07, 9.12062, 11.4089, 1.79816, 5
15.08, 9.10935, 11.4576, 1.80352, 5
15.09, 9.09781, 11.5062, 1.80888, 5
15.1, 9.08602, 11.5548, 1.81424, 5
15.11, 9.07397, 11.6033, 1.8196, 5
15.12, 9.06166, 11.6518, 1.82496, 5
15.13, 9.04909, 11.7002, 1.83032, 5
15.14, 9.03625, 11.7485, 1.83568, 5
15.15, 9.02317, 11.7968, 1.84103, 5
15.16, 9.00982, 11.845, 1.84639, 5
15.17, 8.99621, 11.8931, 1.85175, 5
15.18, 8.98235, 11.9411, 1.85711, 5
15.19, 8.96823, 11.9891, 1.86247, 5
15.2, 8.95385, 12.037, 1.86783, 5
15.21, 8.93921, 12.0848, 1.87319, 5
15.22, 8.92432, 12.1325, 1.87855, 5
15.23, 8.90918, 12.1802, 1.88391, 5
15.24, 8.89378, 12.2277, 1.88927, 5
15.25, 8.87812, 12.2752, 1.89462, 5
15.26, 8.86221, 12.3226, 1.89998, 5
15.27, 8.84605, 12.3699, 1.90534, 5
15.28, 8.82963, 12.4172, 1.9107, 5
15.29, 8.81296, 12.4643, 1.91606, 5
15.3, 8.79604, 12.5114, 1.92142, 5
15.31, 8.77886, 12.5583, 1.92678, 5
15.32, 8.76144, 12.6052, 1.93214, 5
15.33, 8.74376, 12.6519, 1.9375, 5
15.34, 8.72584, 12.6986, 1.94285, 5
15.35, 8.70766, 12.7452, 1.94821, 5
15.36, 8.68923, 12.7917, 1.95357, 5
15.37, 8.67056, 12.8381, 1.95893, 5
15.38, 8.65164, 12.8843, 1.96429, 5
15.39, 8.63246, 12.9305, 1.96965, 5
15.4, 8.61305, 12.9766, 1.97501, 5
15.41, 8.59338, 13.0226, 1.98037, 5
15.42, 8.57347, 13.0684, 1.98573, 5
15.43, 8.55331, 13.1142, 1.99109, 5
15.44, 8.53291, 13.1598, 1.99644, 5
15.45, 8.51227, 13.2054, 2.0018, 5
15.46, 8.49138, 13.2508, 2.00716, 5
15.47, 8.47025, 13.2961, 2.01252, 5
15.48, 8.44887, 13.3413, 2.01788, 5
15.49, 8.42725, 13.3864, 2.02324, 5
15.5, 8.4054, 13.4314, 2.0286, 5
15.51, 8.3833, 13.4762, 2.03396, 5
15.52, 8.36096, 13.521, 2.03932, 5
15.53, 8.33838, 13.5656, 2.04468, 5
15.54, 8.31556, 13.6101, 2.05003, 5
15.55, 8.29251, 13.6544, 2.05539, 5
15.56, 8.26921, 13.6987, 2.06075, 5
15.57, 8.24569, 13.7428, 2.06611, 5
15.58, 8.22192, 13.7868, 2.07147, 5
15.59, 8.19792, 13.8306, 2.07683, 5
15.6, 8.17368, 13.8744, 2.08219, 5
15.61, 8.14921, 13.918, 2.08755, 5
15.62, 8.12451, 13.9615, 2.09291, 5
15.63, 8.09958, 14.0048, 2.09827, 5
15.64, 8.07441, 14.048, 2.10362, 5
15.65, 8.04901, 14.0911, 2.10898, 5
15.66, 8.02338, 14.134, 2.11434, 5
15.67, 7.99752, 14.1768, 2.1197, 5
15.68, 7.97143, 14.2194, 2.12506, 5
15.69, 7.94512, 14.262, 2.13042, 5
15.7, 7.91858, 14.3043, 2.13578, 5
15.71, 7.89181, 14.3466, 2.14114, 5
15.72, 7.86481, 14.3886, 2.1465, 5
15.73, 7.83759, 14.4306, 2.15186, 5
15.74, 7.81014, 14.4724, 2.15721, 5
15.75, 7.78247, 14.514, 2.16257, 5
15.76, 7.75458, 14.5555, 2.16793, 5
15.77, 7.72647, 14.5969, 2.17329, 5
15.78, 7.69813, 14.6381, 2.17865, 5
15.79, 7.66958, 14.6791, 2.18401, 5
15.8, 7.6408, 14.72, 2.18937, 5
15.81, 7.61181, 14.7607, 2.19473, 5
15.82, 7.5826, 14.8013, 2.20009, 5
15.83, 7.55317, 14.8417, 2.20545, 5
15.84, 7.52352, 14.882, 2.2108, 5
15.85, 7.49366, 14.9221, 2.21616, 5
15.86, 7.46359, 14.9621, 2.22152, 5
15.87, 7.4333, 15.0018, 2.22688, 5
15.88, 7.4028, 15.0415, 2.23224, 5
15.89, 7.37209, 15.0809, 2.2376, 5
15.9, 7.34116, 15.1202, 2.24296, 5
15.91, 7.31003, 15.1593, 2.24832, 5
15.92, 7.27869, 15.1983, 2.25368, 5
15.93, 7.24714, 15.2371, 2.25903, 5
15.94, 7.21538, 15.2757, 2.26439, 5
15.95, 7.18341, 15.3141, 2.26975, 5
15.96, 7.15124, 15.3524, 2.27511, 5
15.97, 7.11886, 15.3905, 2.28047, 5
15.98, 7.08628, 15.4284, 2.28583, 5
15.99, 7.0535, 15.4662, 2.29119, 5
16, 7.02052, 15.5038, 2.29655, 5
16.01, 6.98733, 15.5412, 2.30191, 5
16.02, 6.95395, 15.5784, 2.30727, 5
16.03, 6.92037, 15.6154, 2.31262, 5
16.04, 6.88658, 15.6523, 2.31798, 5
16.05, 6.8526, 15.689, 2.32334, 5
16.06, 6.81843, 15.7255, 2.3287, 5
16.07, 6.78406, 15.7618, 2.33406, 5
16.08, 6.7495, 15.7979, 2.33942, 5
16.09, 6.71474, 15.8339, 2.34478, 5
16.1, 6.67979, 15.8696, 2.35014, 5
16.11, 6.64465, 15.9052, 2.3555, 5
16.12, 6.60932, 15.9406, 2.36086, 5
16.13, 6.5738, 15.9758, 2.36621, 5
16.14, 6.53809, 16.0108, 2.37157, 5
16.15, 6.50219, 16.0456, 2.37693, 5
16.16, 6.46611, 16.0802, 2.38229, 5
16.17, 6.42985, 16.1146, 2.38765, 5
16.18, 6.3934, 16.1488, 2.39301, 5
16.19, 6.35677, 16.1829, 2.39837, 5
16.2, 6.31995, 16.2167, 2.40373, 5
16.21, 6.28296, 16.2503, 2.40909, 5
16.22, 6.24578, 16.2838, 2.41445, 5
16.23, 6.20843, 16.317, 2.4198, 5
16.24, 6.1709, 16.35, 2.42516, 5
16.25, 6.13319, 16.3829, 2.43052, 5
16.26, 6.0953, 16.4155, 2.43588, 5
16.27, 6.05725, 16.4479, 2.44124, 5
16.28, 6.01902, 16.4802, 2.4466, 5
16.29, 5.98061, 16.5122, 2.45196, 5
16.3, 5.94204, 16.544, 2.45732, 5
16.31, 5.9033, 16.5756, 2.46268, 5
16.32, 5.86438, 16.607, 2.46804, 5
16.33, 5.8253, 16.6382, 2.47339, 5
16.34, 5.78606, 16.6692, 2.47875, 5
16.35, 5.74664, 16.6999, 2.48411, 5
16.36, 5.70707, 16.7305, 2.48947, 5
16.37, 5.66733, 16.7608, 2.49483, 5
16.38, 5.62742, 16.791, 2.50019, 5
16.39, 5.58736, 16.8209, 2.50555, 5
16.4, 5.54714, 16.8506, 2.51091, 5
16.41, 5.50676, 16.8801, 2.51627, 5
16.42, 5.46622, 16.9093, 2.52163, 5
16.43, 5.42552, 16.9384, 2.52698, 5
16.44, 5.38467, 16.9672, 2.53234, 5
16.45, 5.34367, 16.9958, 2.5377, 5
16.46, 5.30251, 17.0242, 2.54306, 5
16.47, 5.26121, 17.0524, 2.54842, 5
16.48, 5.21975, 17.0803, 2.55378, 5
16.49, 5.17814, 17.1081, 2.55914, 5
16.5, 5.13638, 17.1356, 2.5645, 5
16.51, 5.09448, 17.1628, 2.56986, 5
16.52, 5.05243, 17.1899, 2.57521, 5
16.53, 5.01024, 17.2167, 2.58057, 5
16.54, 4.96791, 17.2433, 2.58593, 5
16.55, 4.92543, 17.2697, 2.59129, 5
16.56, 4.88281, 17.2959, 2.59665, 5
16.57, 4.84005, 17.3218, 2.60201, 5
16.58, 4.79716, 17.3475, 2.60737, 5
16.59, 4.75412, 17.3729, 2.61273, 5
16.6, 4.71095, 17.3981, 2.61809, 5
16.61, 4.66765, 17.4231, 2.62345, 5
16.62, 4.62421, 17.4479, 2.6288, 5
16.63, 4.58064, 17.4724, 2.63416, 5
16.64, 4.53694, 17.4967, 2.63952, 5
16.65, 4.49311, 17.5208, 2.64488, 5
16.66, 4.44916, 17.5446, 2.65024, 5
16.67, 4.40507, 17.5682, 2.6556, 5
16.68, 4.36086, 17.5916, 2.66096, 5
16.69, 4.31653, 17.6147, 2.66632, 5
16.7, 4.27207, 17.6376, 2.67168, 5
16.71, 4.22749, 17.6602, 2.67704, 5
16.72, 4.18279, 17.6826, 2.68239, 5
16.73, 4.13797, 17.7048, 2.68775, 5
16.74, 4.09303, 17.7267, 2.69311, 5
16.75, 4.04797, 17.7484, 2.69847, 5
16.76, 4.0028, 17.7698, 2.70383, 5
16.77, 3.95752, 17.791, 2.70919, 5
16.78, 3.91212, 17.812, 2.71455, 5
16.79, 3.86661, 17.8327, 2.71991, 5
16.8, 3.82099, 17.8531, 2.72527, 5
16.81, 3.77526, 17.8733, 2.73063, 5
16.82, 3.72942, 17.8933, 2.73598, 5
16.83, 3.68348, 17.9131, 2.74134, 5
16.84, 3.63743, 17.9325, 2.7467, 5
16.85, 3.59128, 17.9518, 2.75206, 5
16.86, 3.54502, 17.9708, 2.75742, 5
16.87, 3.49867, 17.9895, 2.76278, 5
16.88, 3.45221, 18.008, 2.76814, 5
16.89, 3.40566, 18.0262, 2.7735, 5
16.9, 3.35901, 18.0442, 2.77886, 5
16.91, 3.31226, 18.062, 2.78422, 5
16.92, 3.26542, 18.0795, 2.78957, 5
16.93, 3.21849, 18.0967, 2.79493, 5
16.94, 3.17146, 18.1137, 2.80029, 5
16.95, 3.12435, 18.1304, 2.80565, 5
16.96, 3.07714, 18.1469, 2.81101, 5
16.97, 3.02985, 18.1631, 2.81637, 5
16.98, 2.98247, 18.1791, 2.82173, 5
16.99, 2.93501, 18.1948, 2.82709, 5
17, 2.88746, 18.2103, 2.83245, 5
17.01, 2.83983, 18.2255, 2.83781, 5
17.02, 2.79212, 18.2405, 2.84316, 5
17.03, 2.74433, 18.2552, 2.84852, 5
17.04, 2.69646, 18.2696, 2.85388, 5
17.05, 2.64852, 18.2838, 2.85924, 5
17.06, 2.6005, 18.2977, 2.8646, 5
17.07, 2.5524, 18.3114, 2.86996, 5
17.08, 2.50423, 18.3248, 2.87532, 5
17.09, 2.456, 18.338, 2.88068, 5
17.1, 2.40769, 18.3509, 2.88604, 5
17.11, 2.35931, 18.3635, 2.8914, 5
17.12, 2.31087, 18.3759, 2.89675, 5
17.13, 2.26236, 18.388, 2.90211, 5
17.14, 2.21379, 18.3999, 2.90747, 5
17.15, 2.16515, 18.4115, 2.91283, 5
17.16, 2.11645, 18.4228, 2.91819, 5
17.17, 2.0677, 18.4339, 2.92355, 5
17.18, 2.01888, 18.4447, 2.92891, 5
17.19, 1.97001, 18.4553, 2.93427, 5
17.2, 1.92108, 18.4656, 2.93963, 5
17.21, 1.87209, 18.4756, 2.94498, 5
17.22, 1.82306, 18.4853, 2.95034, 5
17.23, 1.77397, 18.4949, 2.9557, 5
17.24, 1.72483, 18.5041, 2.96106, 5
17.25, 1.67564, 18.5131, 2.96642, 5
17.26, 1.62641, 18.5218, 2.97178, 5
17.27, 1.57713, 18.5302, 2.97714, 5
17.28, 1.5278, 18.5384, 2.9825, 5
17.29, 1.47843, 18.5463, 2.98786, 5
17.3, 1.42902, 18.554, 2.99322, 5
17.31, 1.37957, 18.5614, 2.99857, 5
17.32, 1.33008, 18.5685, 3.00393, 5
17.33, 1.28056, 18.5754, 3.00929, 5
17.34, 1.23099, 18.582, 3.01465, 5
17.35, 1.1814, 18.5883, 3.02001, 5
17.36, 1.13176, 18.5944, 3.02537, 5
17.37, 1.0821, 18.6002, 3.03073, 5
17.38, 1.03241, 18.6057, 3.03609, 5
17.39, 0.982687, 18.611, 3.04145, 5
17.4, 0.932937, 18.616, 3.04681, 5
17.41, 0.883162, 18.6207, 3.05216, 5
17.42, 0.833362, 18.6252, 3.05752, 5
17.43, 0.783538, 18.6294, 3.06288, 5
17.44, 0.733693, 18.6333, 3.06824, 5
17.45, 0.683828, 18.637, 3.0736, 5
17.46, 0.633943, 18.6403, 3.07896, 5
17.47, 0.584041, 18.6435, 3.08432, 5
17.48, 0.534123, 18.6463, 3.08968, 5
17.49, 0.48419, 18.6489, 3.09504, 5
17.5, 0.434245, 18.6513, 3.1004, 5
17.51, 0.384287, 18.6533, 3.10575, 5
17.52, 0.334319, 18.6551, 3.11111, 5
17.53, 0.284342, 18.6566, 3.11647, 5
17.54, 0.234358, 18.6579, 3.12183, 5
17.55, 0.184368, 18.6589, 3.12719, 5
17.56, 0.134373, 18.6596, 3.13255, 5
17.57, 0.0843752, 18.6601, 3.13791, 5
17.58, 0.0343755, 18.6602, 3.14327, 5
17.59, -0.0156244, 18.6602, 3.14863, 5
17.6, -0.0656232, 18.6598, 3.15399, 5
17.61, -0.115619, 18.6592, 3.15934, 5
17.62, -0.165611, 18.6583, 3.1647, 5
17.63, -0.215598, 18.6571, 3.17006, 5
17.64, -0.265578, 18.6557, 3.17542, 5
17.65, -0.315549, 18.654, 3.18078, 5
17.66, -0.365511, 18.6521, 3.18614, 5
17.67, -0.415461, 18.6498, 3.1915, 5
17.68, -0.465399, 18.6473, 3.19686, 5
17.69, -0.515323, 18.6446, 3.20222, 5
17.7, -0.565231, 18.6416, 3.20758, 5
17.71, -0.615122, 18.6383, 3.21293, 5
17.72, -0.664995, 18.6347, 3.21829, 5
17.73, -0.714848, 18.6309, 3.22365, 5
17.74, -0.76468, 18.6268, 3.22901, 5
17.75, -0.814489, 18.6224, 3.23437, 5
17.76, -0.864274, 18.6178, 3.23973, 5
17.77, -0.914033, 18.6129, 3.24509, 5
17.78, -0.963765, 18.6077, 3.25045, 5
17.79, -1.01347, 18.6023, 3.25581, 5
17.8, -1.06314, 18.5966, 3.26116, 5
17.81, -1.11279, 18.5906, 3.26652, 5
17.82, -1.1624, 18.5844, 3.27188, 5
17.83, -1.21197, 18.5779, 3.27724, 5
17.84, -1.26151, 18.5711, 3.2826, 5
17.85, -1.31102, 18.5641, 3.28796, 5
17.86, -1.36048, 18.5568, 3.29332, 5
17.87, -1.40991, 18.5492, 3.29868, 5
17.88, -1.45929, 18.5414, 3.30404, 5
17.89, -1.50863, 18.5333, 3.3094, 5
17.9, -1.55793, 18.525, 3.31475, 5
17.91, -1.60718, 18.5164, 3.32011, 5
17.92, -1.65639, 18.5075, 3.32547, 5
17.93, -1.70555, 18.4983, 3.33083, 5
17.94, -1.75465, 18.4889, 3.33619, 5
17.95, -1.80371, 18.4793, 3.34155, 5
17.96, -1.85271, 18.4693, 3.34691, 5
17.97, -1.90166, 18.4591, 3.35227, 5
17.98, -1.95056, 18.4487, 3.35763, 5
17.99, -1.9994, 18.438, 3.36299, 5
18, -2.04818, 18.427, 3.36834, 5
18.01, -2.0969, 18.4158, 3.3737, 5
18.02, -2.14556, 18.4043, 3.37906, 5
18.03, -2.19415, 18.3925, 3.38442, 5
18.04, -2.24269, 18.3805, 3.38978, 5
18.05, -2.29115, 18.3682, 3.39514, 5
18.06, -2.33955, 18.3556, 3.4005, 5
18.07, -2.38789, 18.3428, 3.40586, 5
18.08, -2.43615, 18.3298, 3.41122, 5
18.09, -2.48435, 18.3165, 3.41658, 5
18.1, -2.53247, 18.3029, 3.42193, 5
18.11, -2.58052, 18.2891, 3.42729, 5
18.12, -2.62849, 18.275, 3.43265, 5
18.13, -2.67639, 18.2606, 3.43801, 5
18.14, -2.72421, 18.246, 3.44337, 5
18.15, -2.77195, 18.2311, 3.44873, 5
18.16, -2.81961, 18.216, 3.45409, 5
18.17, -2.86718, 18.2007, 3.45945, 5
18.18, -2.91468, 18.185, 3.46481, 5
18.19, -2.96209, 18.1692, 3.47017, 5
18.2, -3.00942, 18.153, 3.47552, 5
18.21, -3.05665, 18.1366, 3.48088, 5
18.22, -3.1038, 18.12, 3.48624, 5
18.23, -3.15086, 18.1031, 3.4916, 5
18.24, -3.19783, 18.086, 3.49696, 5
18.25, -3.24471, 18.0686, 3.50232, 5
18.26, -3.29149, 18.0509, 3.50768, 5
18.27, -3.33818, 18.033, 3.51304, 5
18.28, -3.38477, 18.0149, 3.5184, 5
18.29, -3.43126, 17.9965, 3.52376, 5
18.3, -3.47765, 17.9778, 3.52911, 5
18.31, -3.52394, 17.9589, 3.53447, 5
18.32, -3.57014, 17.9398, 3.53983, 5
18.33, -3.61622, 17.9204, 3.54519, 5
18.34, -3.66221, 17.9008, 3.55055, 5
18.35, -3.70808, 17.8809, 3.55591, 5
18.36, -3.75385, 17.8607, 3.56127, 5
18.37, -3.79951, 17.8404, 3.56663, 5
18.38, -3.84506, 17.8198, 3.57199, 5
18.39, -3.8905, 17.7989, 3.57734, 5
18.4, -3.93583, 17.7778, 3.5827, 5
18.41, -3.98105, 17.7564, 3.58806, 5
18.42, -4.02614, 17.7348, 3.59342, 5
18.43, -4.07113, 17.713, 3.59878, 5
18.44, -4.11599, 17.6909, 3.60414, 5
18.45, -4.16074, 17.6686, 3.6095, 5
18.46, -4.20536, 17.6461, 3.61486, 5
18.47, -4.24987, 17.6233, 3.62022, 5
18.48, -4.29425, 17.6003, 3.62558, 5
18.49, -4.33851, 17.577, 3.63093, 5
18.5, -4.38264, 17.5535, 3.63629, 5
18.51, -4.42664, 17.5298, 3.64165, 5
18.52, -4.47052, 17.5058, 3.64701, 5
18.53, -4.51427, 17.4816, 3.65237, 5
18.54, -4.55789, 17.4571, 3.65773, 5
18.55, -4.60138, 17.4325, 3.66309, 5
18.56, -4.64473, 17.4075, 3.66845, 5
18.57, -4.68795, 17.3824, 3.67381, 5
18.58, -4.73103, 17.357, 3.67917, 5
18.59, -4.77398, 17.3314, 3.68452, 5
18.6, -4.81679, 17.3056, 3.68988, 5
18.61, -4.85946, 17.2795, 3.69524, 5
18.62, -4.90199, 17.2533, 3.7006, 5
18.63, -4.94438, 17.2267, 3.70596, 5
18.64, -4.98663, 17.2, 3.71132, 5
18.65, -5.02873, 17.173, 3.71668, 5
18.66, -5.07069, 17.1458, 3.72204, 5
18.67, -5.1125, 17.1184, 3.7274, 5
18.68, -5.15416, 17.0908, 3.73276, 5
18.69, -5.19568, 17.0629, 3.73811, 5
18.7, -5.23704, 17.0348, 3.74347, 5
18.71, -5.27825, 17.0065, 3.74883, 5
18.72, -5.31932, 16.978, 3.75419, 5
18.73, -5.36022, 16.9492, 3.75955, 5
18.74, -5.40098, 16.9202, 3.76491, 5
18.75, -5.44157, 16.8911, 3.77027, 5
18.76, -5.48201, 16.8617, 3.77563, 5
18.77, -5.5223, 16.832, 3.78099, 5
18.78, -5.56242, 16.8022, 3.78635, 5
18.79, -5.60238, 16.7722, 3.7917, 5
18.8, -5.64218, 16.7419, 3.79706, 5
18.81, -5.68182, 16.7114, 3.80242, 5
18.82, -5.72129, 16.6807, 3.80778, 5
18.83, -5.7606, 16.6498, 3.81314, 5
18.84, -5.79975, 16.6187, 3.8185, 5
18.85, -5.83872, 16.5874, 3.82386, 5
18.86, -5.87753, 16.5559, 3.82922, 5
18.87, -5.91617, 16.5241, 3.83458, 5
18.88, -5.95463, 16.4922, 3.83994, 5
18.89, -5.99293, 16.46, 3.84529, 5
18.9, -6.03105, 16.4277, 3.85065, 5
18.91, -6.069, 16.3951, 3.85601, 5
18.92, -6.10678, 16.3624, 3.86137, 5
18.93, -6.14437, 16.3294, 3.86673, 5
18.94, -6.18179, 16.2963, 3.87209, 5
18.95, -6.21904, 16.2629, 3.87745, 5
18.96, -6.2561, 16.2293, 3.88281, 5
18.97, -6.29298, 16.1956, 3.88817, 5
18.98, -6.32968, 16.1616, 3.89353, 5
18.99, -6.3662, 16.1275, 3.89888, 5
19, -6.40254, 16.0931, 3.90424, 5
19.01, -6.43869, 16.0586, 3.9096, 5
19.02, -6.47465, 16.0238, 3.91496, 5
19.03, -6.51043, 15.9889, 3.92032, 5
19.04, -6.54602, 15.9538, 3.92568, 5
19.05, -6.58142, 15.9185, 3.93104, 5
19.06, -6.61663, 15.883, 3.9364, 5
19.07, -6.65165, 15.8473, 3.94176, 5
19.08, -6.68648, 15.8114, 3.94711, 5
19.09, -6.72112, 15.7754, 3.95247, 5
19.1, -6.75556, 15.7391, 3.95783, 5
19.11, -6.78981, 15.7027, 3.96319, 5
19.12, -6.82386, 15.6661, 3.96855, 5
19.13, -6.85772, 15.6293, 3.97391, 5
19.14, -6.89138, 15.5923, 3.97927, 5
19.15, -6.92484, 15.5552, 3.98463, 5
19.16, -6.9581, 15.5178, 3.98999, 5
19.17, -6.99116, 15.4803, 3.99535, 5
19.18, -7.02401, 15.4426, 4.0007, 5
19.19, -7.05667, 15.4048, 4.00606, 5
19.2, -7.08912, 15.3667, 4.01142, 5
19.21, -7.12137, 15.3285, 4.01678, 5
19.22, -7.15341, 15.2901, 4.02214, 5
19.23, -7.18525, 15.2516, 4.0275, 5
19.24, -7.21688, 15.2128, 4.03286, 5
19.25, -7.2483, 15.174, 4.03822, 5
19.26, -7.27951, 15.1349, 4.04358, 5
19.27, -7.31052, 15.0957, 4.04894, 5
19.28, -7.34131, 15.0563, 4.05429, 5
19.29, -7.37189, 15.0167, 4.05965, 5
19.3, -7.40226, 14.977, 4.06501, 5
19.31, -7.43241, 14.9371, 4.07037, 5
19.32, -7.46235, 14.8971, 4.07573, 5
19.33, -7.49208, 14.8569, 4.08109, 5
19.34, -7.52159, 14.8165, 4.08645, 5
19.35, -7.55088, 14.776, 4.09181, 5
19.36, -7.57995, 14.7353, 4.09717, 5
19.37, -7.60881, 14.6945, 4.10253, 5
19.38, -7.63745, 14.6535, 4.10788, 5
19.39, -7.66587, 14.6123, 4.11324, 5
19.4, -7.69406, 14.5711, 4.1186, 5
19.41, -7.72204, 14.5296, 4.12396, 5
19.42, -7.74979, 14.488, 4.12932, 5
19.43, -7.77732, 14.4463, 4.13468, 5
19.44, -7.80463, 14.4044, 4.14004, 5
19.45, -7.83171, 14.3624, 4.1454, 5
19.46, -7.85856, 14.3202, 4.15076, 5
19.47, -7.88519, 14.2779, 4.15612, 5
19.48, -7.91159, 14.2354, 4.16147, 5
19.49, -7.93777, 14.1928, 4.16683, 5
19.5, -7.96371, 14.1501, 4.17219, 5
19.51, -7.98943, 14.1072, 4.17755, 5
19.52, -8.01491, 14.0642, 4.18291, 5
19.53, -8.04016, 14.021, 4.18827, 5
19.54, -8.06519, 13.9777, 4.19363, 5
19.55, -8.08998, 13.9343, 4.19899, 5
19.56, -8.11453, 13.8907, 4.20435, 5
19.57, -8.13886, 13.8471, 4.20971, 5
19.58, -8.16295, 13.8032, 4.21506, 5
19.59, -8.1868, 13.7593, 4.22042, 5
19.6, -8.21042, 13.7152, 4.22578, 5
19.61, -8.2338, 13.671, 4.23114, 5
19.62, -8.25694, 13.6267, 4.2365, 5
19.63, -8.27985, 13.5823, 4.24186, 5
19.64, -8.30252, 13.5377, 4.24722, 5
19.65, -8.32495, 13.493, 4.25258, 5
19.66, -8.34714, 13.4482, 4.25794, 5
19.67, -8.36909, 13.4033, 4.26329, 5
19.68, -8.39079, 13.3582, 4.26865, 5
19.69, -8.41226, 13.3131, 4.27401, 5
19.7, -8.43348, 13.2678, 4.27937, 5
19.71, -8.45446, 13.2224, 4.28473, 5
19.72, -8.4752, 13.1769, 4.29009, 5
19.73, -8.49569, 13.1313, 4.29545, 5
19.74, -8.51594, 13.0856, 4.30081, 5
19.75, -8.53594, 13.0398, 4.30617, 5
19.76, -8.5557, 12.9939, 4.31153, 5
19.77, -8.57521, 12.9478, 4.31688, 5
19.78, -8.59447, 12.9017, 4.32224, 5
19.79, -8.61349, 12.8554, 4.3276, 5
19.8, -8.63226, 12.8091, 4.33296, 5
19.81, -8.65078, 12.7626, 4.33832, 5
19.82, -8.66905, 12.7161, 4.34368, 5
19.83, -8.68707, 12.6695, 4.34904, 5
19.84, -8.70484, 12.6227, 4.3544, 5
19.85, -8.72236, 12.5759, 4.35976, 5
19.86, -8.73963, 12.529, 4.36512, 5
19.87, -8.75664, 12.482, 4.37047, 5
19.88, -8.77341, 12.4349, 4.37583, 5
19.89, -8.78992, 12.3877, 4.38119, 5
19.9, -8.80618, 12.3404, 4.38655, 5
19.91, -8.82219, 12.293, 4.39191, 5
19.92, -8.83794, 12.2456, 4.39727, 5
19.93, -8.85343, 12.198, 4.40263, 5
19.94, -8.86867, 12.1504, 4.40799, 5
19.95, -8.88366, 12.1027, 4.41335, 5
19.96, -8.89839, 12.0549, 4.41871, 5
19.97, -8.91286, 12.0071, 4.42406, 5
19.98, -8.92708, 11.9591, 4.42942, 5
19.99, -8.94104, 11.9111, 4.43478, 5
